0.000000 2.000000 4.000000 6.000000 8.000000 10.000000 15.000000 20.000000 25.000000 30.000000 35.000000 40.000000 45.000000 50.000000 55.000000 60.000000 
2.500000 2.500000 2.500000 2.500000 2.500000 2.500000 2.500000 2.500000 2.500000 2.500000 2.500000 2.500000 2.500000 2.500000 2.500000 2.500000 2.500000 2.500000 2.500000 2.500000 2.500000 
2.500000 2.500000 2.500000 2.500000 2.500000 2.500000 2.500000 2.500000 2.500000 2.500770 2.500860 2.499530 2.499540 2.499610 2.500000 2.500000 2.500000 2.500000 2.500000 2.500000 2.500000 
2.500000 2.500000 2.498740 2.497700 2.497150 2.497090 2.497660 2.500190 2.516600 2.607100 2.543210 2.389430 2.526200 2.540770 2.505200 2.501340 2.500290 2.500060 2.500050 2.500000 2.500000 
2.500000 2.500000 2.496860 2.494430 2.493190 2.492530 2.487070 2.437170 2.499970 2.927170 2.530750 2.000000 2.709900 2.612170 2.504320 2.500750 2.499950 2.499920 2.499990 2.500000 2.500000 
2.500000 2.500000 2.493680 2.488860 2.486810 2.479970 2.431550 2.366480 2.573220 2.604100 2.374960 2.342360 2.643260 2.444650 2.485550 2.496680 2.498860 2.499700 2.499990 2.500000 2.500000 
2.500000 2.500000 2.487910 2.477240 2.462580 2.413480 2.486170 2.966190 2.583410 2.000000 2.611300 3.148760 2.385020 2.271260 2.462630 2.494380 2.498660 2.499830 2.500090 2.500000 2.500000 
2.500000 2.499990 2.473470 2.414270 2.352690 2.506650 2.657740 2.662540 2.382880 2.339380 2.712990 2.543490 2.496720 2.370690 2.461240 2.500200 2.501070 2.500680 2.500370 2.500000 2.500000 
2.500000 2.498860 2.412720 2.173490 2.500730 3.115970 2.470770 2.000000 2.537140 3.366280 2.313610 2.000000 2.579910 2.872470 2.635400 2.516390 2.504340 2.501580 2.500590 2.500000 2.500000 
2.500000 2.499530 2.489960 2.466560 2.728590 2.580960 2.399640 2.419500 2.690290 2.524930 2.455630 2.388340 2.669830 2.582680 2.548140 2.508410 2.502310 2.501120 2.500480 2.500000 2.500000 
2.500000 2.501000 2.588080 2.986860 2.556760 2.000000 2.524370 3.313000 2.390850 2.000000 2.570000 3.302280 2.361850 2.000000 2.384330 2.492440 2.498900 2.500310 2.500290 2.500000 2.500000 
2.500000 2.500670 2.512130 2.470340 2.471120 2.403230 2.688760 2.583070 2.423750 2.409220 2.681290 2.594400 2.435850 2.437280 2.507780 2.504710 2.501520 2.500890 2.500370 2.500000 2.500000 
2.500000 2.500290 2.438810 2.007960 2.389100 3.337210 2.404960 2.000000 2.535950 3.346380 2.352100 2.000000 2.641610 3.032990 2.611230 2.516880 2.504380 2.501460 2.500440 2.500000 2.500000 
2.500000 2.499980 2.458000 2.393380 2.709780 2.516650 2.457310 2.414940 2.694540 2.535430 2.399680 2.513670 2.589050 2.542020 2.528980 2.506090 2.501280 2.500310 2.500040 2.500000 2.500000 
2.500000 2.501330 2.587620 2.971730 2.622790 2.000000 2.507420 3.345550 2.386290 2.000000 2.623080 3.233900 2.319230 2.044850 2.394370 2.487870 2.496160 2.498460 2.499380 2.500000 2.500000 
2.500000 2.500040 2.517070 2.489400 2.284720 2.526680 2.761810 2.450490 2.399870 2.577260 2.558410 2.481700 2.616570 2.542750 2.485880 2.490680 2.495480 2.497700 2.498960 2.500000 2.500000 
2.500000 2.499620 2.469290 2.283300 2.462250 3.034850 2.383560 2.000000 2.565550 3.059580 2.432810 2.030240 2.536580 2.547790 2.497400 2.494610 2.496360 2.497800 2.498920 2.500000 2.500000 
2.500000 2.500000 2.494780 2.487770 2.563550 2.628420 2.446330 2.394830 2.572890 2.605350 2.489370 2.390620 2.476760 2.494950 2.495250 2.496220 2.497280 2.498210 2.499070 2.500000 2.500000 
2.500000 2.500000 2.499310 2.501070 2.510650 2.515430 2.496590 2.488950 2.506420 2.513520 2.499550 2.486340 2.490460 2.494750 2.496570 2.497500 2.498200 2.498820 2.499400 2.500000 2.500000 
2.500000 2.500000 2.500140 2.501180 2.503590 2.504060 2.499600 2.497340 2.501200 2.503280 2.499810 2.495940 2.496240 2.497480 2.498280 2.498780 2.499140 2.499430 2.499730 2.500000 2.500000 
2.500000 2.500000 2.500000 2.500000 2.500000 2.500000 2.500000 2.500000 2.500000 2.500000 2.500000 2.500000 2.500000 2.500000 2.500000 2.500000 2.500000 2.500000 2.500000 2.500000 2.500000 
2.500000 2.500000 2.500000 2.500000 2.500000 2.500000 2.500000 2.500000 2.500000 2.500000 2.500000 2.500000 2.500000 2.500000 2.500000 2.500000 2.500000 2.500000 2.500000 2.500000 2.500000 
2.540000 2.540000 2.540000 2.540000 2.540000 2.540000 2.540000 2.540000 2.540000 2.540000 2.540000 2.540000 2.540000 2.540000 2.540000 2.540000 2.540000 2.540000 2.540000 2.540000 2.540000 
2.540000 2.540000 2.538740 2.537700 2.537160 2.537090 2.537660 2.540860 2.555900 2.585040 2.551110 2.498610 2.546490 2.555360 2.544970 2.541340 2.540290 2.540060 2.540050 2.540000 2.540000 
2.540000 2.538740 2.522480 2.511610 2.509400 2.516200 2.532080 2.562600 2.621850 2.679330 2.569060 2.438610 2.548330 2.583540 2.561700 2.547690 2.541850 2.540070 2.539830 2.540050 2.540000 
2.540000 2.536850 2.503630 2.482210 2.479350 2.492840 2.515860 2.549740 2.640820 2.751840 2.537130 2.310150 2.579470 2.599930 2.557360 2.542520 2.538800 2.538640 2.539270 2.539990 2.540000 
2.540000 2.533680 2.480250 2.447580 2.449200 2.476830 2.511590 2.554430 2.586180 2.519280 2.470590 2.473070 2.575310 2.508640 2.510780 2.524090 2.532620 2.536970 2.538980 2.539990 2.540000 
2.540000 2.527910 2.451070 2.406080 2.424810 2.492170 2.589730 2.712820 2.500200 2.145630 2.516780 2.740140 2.535830 2.424280 2.480020 2.518730 2.534090 2.539110 2.540250 2.540090 2.540000 
2.540000 2.517030 2.419940 2.359030 2.427890 2.589790 2.613510 2.532000 2.456260 2.433990 2.553120 2.511420 2.518160 2.502800 2.535960 2.550480 2.549930 2.546580 2.543290 2.540370 2.540000 
2.540000 2.502360 2.416110 2.353240 2.553430 2.762320 2.481390 2.126010 2.495940 2.775660 2.430180 2.157420 2.507160 2.691030 2.654570 2.594040 2.566270 2.553210 2.545860 2.540580 2.540000 
2.540000 2.540150 2.538600 2.564490 2.632520 2.528370 2.458090 2.453550 2.541250 2.481650 2.459500 2.459770 2.562440 2.548220 2.565270 2.562060 2.556570 2.550910 2.545530 2.540480 2.540000 
2.540000 2.578570 2.636650 2.734650 2.520990 2.139920 2.496900 2.773380 2.430100 2.079890 2.500470 2.785820 2.483650 2.249720 2.413930 2.511390 2.540700 2.546080 2.544120 2.540290 2.540000 
2.540000 2.541990 2.537060 2.511240 2.497100 2.466630 2.554990 2.505490 2.448100 2.437990 2.545280 2.524280 2.490260 2.487030 2.532630 2.549930 2.551230 2.548110 2.544160 2.540370 2.540000 
2.540000 2.505530 2.439400 2.317080 2.524630 2.790040 2.448870 2.088280 2.485030 2.769970 2.422720 2.114490 2.531840 2.762990 2.667020 2.593330 2.561530 2.548610 2.543140 2.540440 2.540000 
2.540000 2.528260 2.512320 2.504510 2.596010 2.515220 2.473900 2.450500 2.541280 2.483800 2.445350 2.481760 2.563110 2.579110 2.566910 2.548830 2.539830 2.537390 2.538060 2.540040 2.540000 
2.540000 2.576480 2.633320 2.722000 2.520240 2.152360 2.514210 2.785360 2.435540 2.096280 2.511450 2.777680 2.498200 2.320220 2.406020 2.475100 2.505590 2.521130 2.531180 2.539380 2.540000 
2.540000 2.547800 2.570120 2.555220 2.461500 2.495220 2.597330 2.509620 2.460650 2.492540 2.548580 2.547530 2.525130 2.444570 2.435720 2.465470 2.492770 2.512350 2.526830 2.538960 2.540000 
2.540000 2.525760 2.510400 2.467670 2.568150 2.746820 2.479170 2.220150 2.526330 2.757350 2.520160 2.305140 2.435690 2.465670 2.462180 2.476080 2.494800 2.511710 2.526080 2.538920 2.540000 
2.540000 2.535330 2.529150 2.539630 2.623540 2.676980 2.502840 2.395860 2.563480 2.660240 2.522880 2.381810 2.422450 2.458480 2.474320 2.488440 2.502680 2.515900 2.527920 2.539070 2.540000 
2.540000 2.539310 2.542530 2.559100 2.596650 2.605530 2.536050 2.496720 2.553340 2.585120 2.527410 2.461630 2.461100 2.477950 2.491860 2.503310 2.513450 2.522680 2.531250 2.539400 2.540000 
2.540000 2.540140 2.544190 2.553880 2.568120 2.568360 2.543690 2.529800 2.546340 2.554890 2.532770 2.506080 2.501080 2.507010 2.514230 2.520500 2.525950 2.530810 2.535330 2.539730 2.540000 
2.540000 2.540000 2.540140 2.541180 2.543590 2.544050 2.539600 2.537340 2.541200 2.543280 2.539810 2.535940 2.536240 2.537480 2.538280 2.538780 2.539140 2.539430 2.539730 2.540000 2.540000 
2.540000 2.540000 2.540000 2.540000 2.540000 2.540000 2.540000 2.540000 2.540000 2.540000 2.540000 2.540000 2.540000 2.540000 2.540000 2.540000 2.540000 2.540000 2.540000 2.540000 2.540000 
2.580000 2.580000 2.580000 2.580000 2.580000 2.580000 2.580000 2.580000 2.580000 2.580000 2.580000 2.580000 2.580000 2.580000 2.580000 2.580000 2.580000 2.580000 2.580000 2.580000 2.580000 
2.580000 2.580000 2.577620 2.575740 2.574870 2.575140 2.577120 2.584360 2.608610 2.646350 2.597840 2.528840 2.589300 2.600760 2.587640 2.582190 2.580450 2.580050 2.579980 2.580000 2.580000 
2.580000 2.577620 2.548580 2.529510 2.526450 2.540490 2.571960 2.627270 2.712090 2.764290 2.624730 2.479550 2.587650 2.632010 2.611140 2.591950 2.582830 2.579880 2.579510 2.579980 2.580000 
2.580000 2.574230 2.515830 2.479060 2.476490 2.505870 2.558030 2.634130 2.748360 2.813560 2.592560 2.392750 2.604820 2.639060 2.602780 2.583330 2.577490 2.577180 2.578420 2.579920 2.580000 
2.580000 2.568740 2.477020 2.423390 2.431790 2.490690 2.569360 2.648100 2.664330 2.565760 2.525200 2.541020 2.616100 2.553400 2.544540 2.556720 2.567680 2.574240 2.577740 2.579880 2.580000 
2.580000 2.559130 2.432550 2.365400 2.407800 2.530320 2.661860 2.748540 2.543170 2.242340 2.556030 2.758980 2.610340 2.485670 2.514120 2.551910 2.570830 2.577930 2.579880 2.580000 2.580000 
2.580000 2.542570 2.394950 2.322950 2.439000 2.648590 2.680230 2.574090 2.511790 2.504050 2.597560 2.560500 2.574680 2.572150 2.594460 2.601170 2.596730 2.590570 2.585170 2.580510 2.580000 
2.580000 2.525160 2.415260 2.373220 2.593540 2.785110 2.539620 2.233690 2.551340 2.795480 2.498740 2.248730 2.537730 2.727900 2.719030 2.659440 2.621990 2.601760 2.589710 2.580980 2.580000 
2.580000 2.584000 2.581830 2.625030 2.684510 2.573200 2.505160 2.516930 2.592580 2.540170 2.513680 2.521490 2.598470 2.591190 2.614120 2.615260 2.607920 2.598580 2.589420 2.580830 2.580000 
2.580000 2.634670 2.693630 2.764380 2.567830 2.243340 2.549010 2.803520 2.494860 2.185000 2.554620 2.808670 2.552800 2.321780 2.443280 2.546830 2.584450 2.591150 2.587250 2.580510 2.580000 
2.580000 2.582300 2.576490 2.554580 2.545240 2.526280 2.603660 2.564000 2.507940 2.505270 2.596130 2.578440 2.547740 2.537290 2.578360 2.598880 2.599930 2.594210 2.587280 2.580720 2.580000 
2.580000 2.532210 2.465460 2.387260 2.598840 2.807640 2.507550 2.190750 2.545380 2.799260 2.488150 2.220780 2.576560 2.805150 2.740620 2.658750 2.614520 2.594390 2.585360 2.580760 2.580000 
2.580000 2.566040 2.557670 2.564430 2.642180 2.570150 2.524770 2.513410 2.590380 2.541780 2.503600 2.535550 2.623640 2.648220 2.623730 2.594350 2.579480 2.575360 2.576610 2.580010 2.580000 
2.580000 2.630840 2.691900 2.749060 2.551820 2.250300 2.574700 2.810620 2.496860 2.202080 2.557260 2.809740 2.580010 2.377310 2.417330 2.483860 2.524020 2.548050 2.564840 2.578840 2.580000 
2.580000 2.593110 2.626010 2.615460 2.524560 2.532150 2.637470 2.573950 2.518400 2.542220 2.608350 2.615700 2.543110 2.426550 2.416090 2.458660 2.500910 2.532950 2.557450 2.578190 2.580000 
2.580000 2.562410 2.555950 2.541760 2.647360 2.784470 2.539330 2.293170 2.578020 2.802410 2.587290 2.354920 2.414890 2.438250 2.446080 2.472160 2.503470 2.531840 2.556210 2.578120 2.580000 
2.580000 2.573750 2.571440 2.599030 2.705250 2.758200 2.553400 2.415550 2.611360 2.736680 2.570550 2.381580 2.398380 2.441250 2.468300 2.492750 2.516730 2.539030 2.559380 2.578410 2.580000 
2.580000 2.579200 2.587060 2.616800 2.673160 2.683290 2.584650 2.525820 2.603960 2.649790 2.565060 2.463270 2.452330 2.475590 2.498530 2.517900 2.534990 2.550580 2.565070 2.578920 2.580000 
2.580000 2.580300 2.587860 2.604860 2.628130 2.628370 2.590140 2.567940 2.592640 2.605330 2.569670 2.525670 2.515270 2.524160 2.536220 2.546890 2.556050 2.564320 2.572020 2.579470 2.580000 
2.580000 2.580000 2.580300 2.582260 2.586500 2.587300 2.579770 2.575760 2.582280 2.585920 2.580000 2.573260 2.573420 2.575510 2.576960 2.577800 2.578390 2.578950 2.579470 2.580000 2.580000 
2.580000 2.580000 2.580000 2.580000 2.580000 2.580000 2.580000 2.580000 2.580000 2.580000 2.580000 2.580000 2.580000 2.580000 2.580000 2.580000 2.580000 2.580000 2.580000 2.580000 2.580000 
2.620000 2.620000 2.620000 2.620000 2.620000 2.620000 2.620000 2.620000 2.620000 2.620000 2.620000 2.620000 2.620000 2.620000 2.620000 2.620000 2.620000 2.620000 2.620000 2.620000 2.620000 
2.620000 2.620000 2.616760 2.614280 2.613190 2.613680 2.616560 2.626630 2.658210 2.705290 2.643180 2.558010 2.632270 2.646400 2.629970 2.622950 2.620590 2.620000 2.619920 2.620000 2.620000 
2.620000 2.616760 2.578280 2.552820 2.548370 2.566610 2.608270 2.680770 2.787520 2.848020 2.678520 2.507700 2.632780 2.685190 2.659940 2.635440 2.623380 2.619460 2.619110 2.619920 2.620000 
2.620000 2.612340 2.535580 2.487200 2.483810 2.523080 2.594100 2.697020 2.840680 2.911660 2.650170 2.425120 2.661250 2.696380 2.650450 2.624330 2.615930 2.615390 2.617340 2.619810 2.620000 
2.620000 2.605330 2.486150 2.417200 2.429480 2.509000 2.616590 2.723540 2.750850 2.635020 2.587940 2.615280 2.690250 2.603050 2.581140 2.590450 2.602400 2.610810 2.616060 2.619640 2.620000 
2.620000 2.593070 2.430980 2.347340 2.404900 2.565760 2.736940 2.843390 2.616320 2.282010 2.645830 2.874610 2.692470 2.528710 2.545200 2.583600 2.605360 2.614810 2.618430 2.619790 2.620000 
2.620000 2.572060 2.386060 2.300370 2.449120 2.714340 2.772060 2.654930 2.591540 2.602740 2.710800 2.650320 2.645100 2.628090 2.641860 2.644140 2.637640 2.630750 2.625160 2.620480 2.620000 
2.620000 2.549700 2.413590 2.367780 2.636750 2.874190 2.611820 2.277700 2.656600 2.947960 2.597810 2.289960 2.598560 2.806460 2.790160 2.716320 2.670100 2.645480 2.631240 2.621130 2.620000 
2.620000 2.623360 2.616760 2.672140 2.753110 2.636800 2.575200 2.617300 2.718200 2.655670 2.607240 2.604810 2.678120 2.657630 2.671310 2.665870 2.654490 2.642540 2.631360 2.621000 2.620000 
2.620000 2.687630 2.754170 2.838810 2.624920 2.271270 2.640140 2.956150 2.603100 2.243310 2.659440 2.940190 2.633750 2.350680 2.471680 2.584760 2.626820 2.634050 2.629030 2.620610 2.620000 
2.620000 2.623450 2.620370 2.604950 2.609140 2.608160 2.710180 2.673040 2.609030 2.616520 2.712620 2.675820 2.619980 2.592500 2.628330 2.647040 2.646050 2.638170 2.629260 2.620870 2.620000 
2.620000 2.562460 2.492930 2.421210 2.683960 2.937240 2.595260 2.235370 2.658970 2.964090 2.593120 2.265440 2.649740 2.901040 2.819150 2.718520 2.663620 2.638350 2.626900 2.620970 2.620000 
2.620000 2.604400 2.602040 2.622370 2.724740 2.651150 2.601820 2.609500 2.711500 2.659560 2.604210 2.623610 2.704410 2.719670 2.679070 2.639170 2.619930 2.614610 2.615950 2.619970 2.620000 
2.620000 2.684610 2.757850 2.826410 2.605130 2.268500 2.661380 2.955890 2.597540 2.255280 2.654530 2.939050 2.660570 2.404530 2.433420 2.505430 2.552130 2.581010 2.601490 2.618520 2.620000 
2.620000 2.636990 2.677510 2.668160 2.566130 2.581150 2.723140 2.665790 2.602680 2.626660 2.696210 2.704620 2.603870 2.452440 2.430310 2.476260 2.525150 2.563240 2.592720 2.617740 2.620000 
2.620000 2.598480 2.592640 2.583410 2.714110 2.877300 2.601890 2.320080 2.655980 2.914910 2.656670 2.379760 2.438060 2.460380 2.466180 2.494150 2.529630 2.562660 2.591560 2.617720 2.620000 
2.620000 2.612160 2.609290 2.647100 2.780830 2.848520 2.607650 2.444010 2.679090 2.827350 2.622900 2.392290 2.408270 2.459540 2.491390 2.518990 2.546100 2.571730 2.595550 2.618090 2.620000 
2.620000 2.618860 2.627920 2.666420 2.739150 2.754700 2.636290 2.565150 2.660310 2.714550 2.607610 2.481180 2.467470 2.497050 2.525360 2.548060 2.567580 2.585470 2.602380 2.618690 2.620000 
2.620000 2.620290 2.629220 2.651040 2.681650 2.683590 2.637220 2.610110 2.640490 2.655170 2.609380 2.554140 2.541610 2.553530 2.568760 2.581500 2.592100 2.601620 2.610620 2.619350 2.620000 
2.620000 2.620000 2.620290 2.622920 2.628620 2.629900 2.620340 2.615220 2.623540 2.628060 2.620260 2.611530 2.611810 2.614570 2.616360 2.617350 2.618060 2.618680 2.619350 2.620000 2.620000 
2.620000 2.620000 2.620000 2.620000 2.620000 2.620000 2.620000 2.620000 2.620000 2.620000 2.620000 2.620000 2.620000 2.620000 2.620000 2.620000 2.620000 2.620000 2.620000 2.620000 2.620000 
2.660000 2.660000 2.660000 2.660000 2.660000 2.660000 2.660000 2.660000 2.660000 2.660000 2.660000 2.660000 2.660000 2.660000 2.660000 2.660000 2.660000 2.660000 2.660000 2.660000 2.660000 
2.660000 2.660000 2.656290 2.653390 2.651940 2.652020 2.654540 2.665110 2.701040 2.755120 2.681550 2.584230 2.672830 2.691440 2.672220 2.663710 2.660790 2.659990 2.659910 2.660000 2.660000 
2.660000 2.656290 2.612270 2.582210 2.574560 2.591080 2.633090 2.710950 2.832040 2.904700 2.710550 2.518220 2.671230 2.736900 2.707550 2.678070 2.663540 2.658880 2.658650 2.659910 2.660000 
2.660000 2.651350 2.564130 2.507660 2.499610 2.537410 2.610060 2.720850 2.885610 2.976470 2.680530 2.430090 2.712120 2.754310 2.697230 2.664280 2.653680 2.653250 2.656100 2.659710 2.660000 
2.660000 2.643500 2.509200 2.429930 2.439380 2.522680 2.638920 2.759020 2.796310 2.682030 2.633740 2.669340 2.757120 2.647610 2.613830 2.621600 2.635430 2.646330 2.653850 2.659430 2.660000 
2.660000 2.629770 2.447710 2.353010 2.414720 2.592260 2.786770 2.917010 2.670280 2.315260 2.725260 2.979960 2.755900 2.552090 2.563200 2.607390 2.635120 2.648970 2.655740 2.659540 2.660000 
2.660000 2.605830 2.395350 2.298880 2.464740 2.761970 2.831790 2.716130 2.654740 2.680940 2.806440 2.727340 2.694760 2.655450 2.665910 2.671910 2.669460 2.665900 2.662860 2.660310 2.660000 
2.660000 2.579130 2.418880 2.363680 2.665040 2.942180 2.660130 2.309860 2.743260 3.078420 2.681200 2.327270 2.654430 2.867250 2.838920 2.756050 2.707260 2.683040 2.669970 2.661090 2.660000 
2.660000 2.657510 2.638950 2.690720 2.786110 2.681570 2.637980 2.698810 2.821310 2.752050 2.683740 2.669490 2.746950 2.711540 2.715180 2.705320 2.693070 2.681450 2.670840 2.660990 2.660000 
2.660000 2.733990 2.803230 2.896430 2.662160 2.292990 2.717210 3.080200 2.692070 2.297980 2.741540 3.044550 2.692840 2.371980 2.497380 2.618890 2.664960 2.673630 2.669020 2.660620 2.660000 
2.660000 2.663980 2.660810 2.650030 2.664800 2.678530 2.795270 2.756490 2.688190 2.703530 2.803050 2.748540 2.670170 2.633510 2.669210 2.688440 2.687390 2.679190 2.669830 2.660910 2.660000 
2.660000 2.595350 2.518350 2.445870 2.751630 3.051970 2.669710 2.280210 2.749050 3.100550 2.682300 2.300950 2.697670 2.969550 2.876140 2.766010 2.706980 2.680000 2.667650 2.661040 2.660000 
2.660000 2.642300 2.639490 2.666450 2.789650 2.719070 2.666160 2.686570 2.810220 2.758890 2.688660 2.687870 2.749330 2.754760 2.713160 2.676730 2.659590 2.654940 2.656270 2.659960 2.660000 
2.660000 2.733670 2.814870 2.894820 2.651490 2.286930 2.728100 3.077110 2.684420 2.304500 2.732340 3.034520 2.706160 2.419320 2.453580 2.537170 2.589790 2.620770 2.641600 2.658450 2.660000 
2.660000 2.677350 2.715930 2.701120 2.591670 2.622090 2.787650 2.738100 2.670020 2.686600 2.753820 2.764010 2.665990 2.508420 2.477530 2.519930 2.567550 2.604760 2.633470 2.657790 2.660000 
2.660000 2.632760 2.615150 2.597400 2.750510 2.949870 2.646500 2.343330 2.714160 2.996910 2.695780 2.397800 2.491470 2.526970 2.526200 2.546220 2.576350 2.606150 2.633060 2.657860 2.660000 
2.660000 2.649240 2.636100 2.673120 2.828370 2.916250 2.653200 2.479080 2.737650 2.895800 2.659440 2.411700 2.450150 2.516350 2.548530 2.571280 2.593570 2.615750 2.637350 2.658270 2.660000 
2.660000 2.657770 2.661210 2.700890 2.785070 2.809380 2.682770 2.608210 2.712310 2.768000 2.645570 2.510530 2.506420 2.545330 2.575920 2.596700 2.613330 2.628740 2.643830 2.658790 2.660000 
2.660000 2.659920 2.666540 2.689250 2.724640 2.730020 2.681410 2.653350 2.686360 2.700530 2.648460 2.589690 2.580630 2.596810 2.613630 2.625840 2.635130 2.643390 2.651410 2.659380 2.660000 
2.660000 2.660000 2.659920 2.662740 2.669460 2.671400 2.660930 2.655460 2.664620 2.669240 2.660020 2.650430 2.651410 2.654860 2.656830 2.657710 2.658250 2.658800 2.659380 2.660000 2.660000 
2.660000 2.660000 2.660000 2.660000 2.660000 2.660000 2.660000 2.660000 2.660000 2.660000 2.660000 2.660000 2.660000 2.660000 2.660000 2.660000 2.660000 2.660000 2.660000 2.660000 2.660000 
2.700000 2.700000 2.700000 2.700000 2.700000 2.700000 2.700000 2.700000 2.700000 2.700000 2.700000 2.700000 2.700000 2.700000 2.700000 2.700000 2.700000 2.700000 2.700000 2.700000 2.700000 
2.700000 2.700000 2.696260 2.693200 2.691230 2.690110 2.690340 2.697880 2.736230 2.806080 2.716560 2.594340 2.712640 2.739310 2.714570 2.704340 2.700950 2.700030 2.699910 2.700000 2.700000 
2.700000 2.696260 2.651380 2.619010 2.606450 2.614560 2.645280 2.712990 2.837790 2.930720 2.719660 2.506070 2.700720 2.784940 2.751960 2.719120 2.703190 2.698290 2.698270 2.699910 2.700000 
2.700000 2.691410 2.603250 2.543080 2.526280 2.549090 2.601720 2.693880 2.868350 3.004660 2.676850 2.388230 2.750450 2.807740 2.739950 2.702460 2.691030 2.691160 2.695000 2.699690 2.700000 
2.700000 2.683650 2.549320 2.465910 2.464090 2.528860 2.625090 2.735970 2.782730 2.693380 2.643060 2.675890 2.797230 2.674420 2.638870 2.650120 2.667660 2.681630 2.691640 2.699330 2.700000 
2.700000 2.669640 2.488030 2.388790 2.438460 2.600390 2.794250 2.958280 2.684860 2.302560 2.763140 3.054880 2.773330 2.538490 2.564210 2.623880 2.661420 2.681460 2.692380 2.699350 2.700000 
2.700000 2.642960 2.430130 2.325660 2.483850 2.779950 2.840480 2.737670 2.668840 2.692640 2.840690 2.758570 2.702490 2.640570 2.661450 2.683770 2.692940 2.696900 2.698900 2.700060 2.700000 
2.700000 2.604970 2.436820 2.363670 2.678130 2.990870 2.665030 2.287100 2.767760 3.154200 2.699380 2.317960 2.690350 2.905530 2.860740 2.776040 2.733170 2.714910 2.706300 2.700890 2.700000 
2.700000 2.685160 2.652470 2.683220 2.783860 2.699600 2.668790 2.716940 2.848750 2.778870 2.700160 2.682600 2.784050 2.737960 2.738530 2.731140 2.723220 2.715630 2.708170 2.700860 2.700000 
2.700000 2.784820 2.844960 2.945710 2.674590 2.278770 2.747380 3.144840 2.709210 2.290200 2.759980 3.102410 2.699950 2.360410 2.513920 2.648850 2.699290 2.710360 2.707500 2.700550 2.700000 
2.700000 2.705740 2.697020 2.682540 2.693670 2.706130 2.820630 2.772360 2.696740 2.713050 2.820640 2.763560 2.676170 2.650100 2.698760 2.723110 2.724340 2.717580 2.709160 2.700910 2.700000 
2.700000 2.622670 2.535940 2.438660 2.772240 3.135600 2.695210 2.276750 2.766540 3.168700 2.703240 2.282920 2.707410 3.013570 2.910950 2.800690 2.744680 2.719540 2.707730 2.701020 2.700000 
2.700000 2.674370 2.663380 2.681180 2.817890 2.750650 2.688170 2.703130 2.834860 2.784960 2.708090 2.696020 2.740150 2.746070 2.725390 2.708000 2.699320 2.696840 2.697660 2.699990 2.700000 
2.700000 2.788340 2.861900 2.957430 2.687150 2.283000 2.748200 3.149960 2.708860 2.294120 2.755000 3.076080 2.689920 2.406020 2.477010 2.581280 2.638300 2.667620 2.685260 2.698650 2.700000 
2.700000 2.715580 2.740450 2.712730 2.596450 2.648930 2.811710 2.757440 2.684100 2.693000 2.753450 2.766010 2.713590 2.589670 2.557740 2.590350 2.628220 2.657320 2.679480 2.698250 2.700000 
2.700000 2.660940 2.622370 2.577480 2.748540 3.000050 2.655260 2.337280 2.732690 3.036810 2.685740 2.389220 2.569010 2.635620 2.624180 2.626860 2.642470 2.661440 2.680280 2.698440 2.700000 
2.700000 2.684270 2.651870 2.673810 2.839650 2.951320 2.679950 2.513820 2.776800 2.929390 2.670530 2.434860 2.522430 2.609420 2.637000 2.647340 2.657530 2.670040 2.684110 2.698860 2.700000 
2.700000 2.695750 2.686690 2.718010 2.804870 2.839570 2.719150 2.652450 2.754180 2.802500 2.674840 2.550960 2.569030 2.618950 2.648180 2.661980 2.670750 2.679370 2.688950 2.699190 2.700000 
2.700000 2.699160 2.699660 2.718360 2.754250 2.764100 2.720420 2.696380 2.727770 2.738290 2.685520 2.632530 2.632380 2.653370 2.669860 2.678930 2.684380 2.689100 2.694180 2.699600 2.700000 
2.700000 2.700000 2.699160 2.701520 2.708610 2.711340 2.701160 2.696300 2.705250 2.709100 2.699100 2.690020 2.692400 2.696440 2.698260 2.698750 2.698940 2.699210 2.699600 2.700000 2.700000 
2.700000 2.700000 2.700000 2.700000 2.700000 2.700000 2.700000 2.700000 2.700000 2.700000 2.700000 2.700000 2.700000 2.700000 2.700000 2.700000 2.700000 2.700000 2.700000 2.700000 2.700000 
2.800000 2.800000 2.800000 2.800000 2.800000 2.800000 2.800000 2.800000 2.800000 2.800000 2.800000 2.800000 2.800000 2.800000 2.800000 2.800000 2.800000 2.800000 2.800000 2.800000 2.800000 
2.800000 2.800000 2.796770 2.793930 2.791590 2.789200 2.786610 2.788260 2.817080 2.881220 2.803140 2.692520 2.806310 2.837120 2.814040 2.804290 2.801020 2.800130 2.800010 2.800000 2.800000 
2.800000 2.796770 2.756230 2.725090 2.708160 2.705160 2.717610 2.760490 2.861350 2.954710 2.779090 2.592880 2.784040 2.874520 2.847260 2.817300 2.802490 2.798000 2.798160 2.800010 2.800000 
2.800000 2.792740 2.714560 2.657720 2.632610 2.634290 2.654690 2.706360 2.847040 3.004000 2.736090 2.472380 2.821400 2.892790 2.833410 2.799380 2.789300 2.790120 2.794520 2.799750 2.800000 
2.800000 2.786680 2.670710 2.594360 2.579150 2.610810 2.664770 2.738400 2.780650 2.763850 2.726310 2.716970 2.844240 2.753860 2.729440 2.744000 2.763360 2.778900 2.790310 2.799350 2.800000 
2.800000 2.775980 2.623360 2.536240 2.562740 2.671430 2.812970 2.973140 2.751830 2.469690 2.817200 3.057440 2.800410 2.602980 2.642020 2.708360 2.751270 2.775520 2.789670 2.799230 2.800000 
2.800000 2.755590 2.578570 2.490440 2.604630 2.816860 2.838190 2.794510 2.738680 2.721900 2.837950 2.803610 2.749660 2.680980 2.712730 2.752220 2.774630 2.787190 2.794660 2.799800 2.800000 
2.800000 2.723390 2.578200 2.509760 2.747150 3.007260 2.727340 2.446990 2.792800 3.092660 2.736180 2.476300 2.787740 2.937910 2.892300 2.834670 2.810960 2.803690 2.801500 2.800540 2.800000 
2.800000 2.777810 2.738540 2.732900 2.800040 2.776350 2.767030 2.748280 2.827450 2.795160 2.749760 2.735320 2.834370 2.791710 2.799860 2.806520 2.808480 2.807390 2.804420 2.800630 2.800000 
2.800000 2.872060 2.915520 2.992200 2.752250 2.456150 2.794440 3.070240 2.743000 2.466680 2.785850 3.057850 2.730710 2.488150 2.633200 2.750720 2.795400 2.806460 2.805330 2.800470 2.800000 
2.800000 2.807270 2.794830 2.778560 2.772240 2.760980 2.820110 2.783450 2.739370 2.734090 2.811410 2.785780 2.733020 2.738650 2.793330 2.817690 2.820000 2.814800 2.807820 2.800790 2.800000 
2.800000 2.731850 2.646350 2.543840 2.792600 3.102750 2.754240 2.471360 2.777980 3.079580 2.739990 2.450110 2.771460 3.032990 2.959990 2.879370 2.837510 2.817670 2.807360 2.800880 2.800000 
2.800000 2.772550 2.749020 2.741840 2.836660 2.801330 2.760040 2.744290 2.819800 2.790240 2.747620 2.741290 2.763980 2.774970 2.791380 2.800900 2.801870 2.800810 2.800120 2.800040 2.800000 
2.800000 2.875860 2.926730 3.007380 2.783790 2.477250 2.782230 3.087860 2.749330 2.457680 2.792410 3.023120 2.702470 2.524640 2.616980 2.714020 2.760830 2.781320 2.791820 2.799110 2.800000 
2.800000 2.807740 2.812110 2.778850 2.696840 2.755240 2.829280 2.782870 2.737530 2.739200 2.773850 2.769400 2.798610 2.764250 2.738900 2.748310 2.764890 2.778430 2.789310 2.798980 2.800000 
2.800000 2.758090 2.700580 2.637030 2.779880 3.012860 2.717570 2.496470 2.782850 3.018230 2.718860 2.510590 2.739740 2.828730 2.807400 2.787460 2.781970 2.784630 2.791170 2.799320 2.800000 
2.800000 2.781720 2.730950 2.728940 2.863170 2.971200 2.767680 2.664870 2.851440 2.952340 2.734840 2.573500 2.695200 2.787780 2.804670 2.797930 2.791640 2.790610 2.793940 2.799610 2.800000 
2.800000 2.793970 2.770530 2.784710 2.855180 2.894140 2.811490 2.772510 2.844420 2.870090 2.763400 2.678630 2.718020 2.771510 2.794110 2.797180 2.795120 2.794380 2.796210 2.799740 2.800000 
2.800000 2.798300 2.790830 2.800980 2.830360 2.843690 2.815940 2.802460 2.824460 2.827320 2.783300 2.746820 2.756810 2.779890 2.793370 2.797250 2.797240 2.797130 2.798060 2.799830 2.800000 
2.800000 2.800000 2.798300 2.799540 2.805260 2.808250 2.801290 2.798730 2.804820 2.806590 2.798000 2.791630 2.795120 2.799010 2.800270 2.800170 2.799880 2.799750 2.799830 2.800000 2.800000 
2.800000 2.800000 2.800000 2.800000 2.800000 2.800000 2.800000 2.800000 2.800000 2.800000 2.800000 2.800000 2.800000 2.800000 2.800000 2.800000 2.800000 2.800000 2.800000 2.800000 2.800000 
2.900000 2.900000 2.900000 2.900000 2.900000 2.900000 2.900000 2.900000 2.900000 2.900000 2.900000 2.900000 2.900000 2.900000 2.900000 2.900000 2.900000 2.900000 2.900000 2.900000 2.900000 
2.900000 2.900000 2.897610 2.895380 2.893170 2.890310 2.886230 2.883190 2.895310 2.931860 2.894360 2.831980 2.900270 2.924410 2.910530 2.903540 2.900940 2.900190 2.900020 2.900000 2.900000 
2.900000 2.897610 2.865960 2.839930 2.821830 2.810530 2.807050 2.823160 2.882760 2.954190 2.862270 2.747570 2.877820 2.951180 2.936190 2.914100 2.902240 2.898350 2.898460 2.900020 2.900000 
2.900000 2.895010 2.835990 2.790100 2.762240 2.747610 2.741660 2.755970 2.837550 2.973390 2.847890 2.669380 2.888930 2.957620 2.922850 2.898270 2.890330 2.891090 2.895050 2.899840 2.900000 
2.900000 2.891740 2.809120 2.751380 2.728780 2.730020 2.744050 2.779590 2.816350 2.884850 2.874040 2.796590 2.876100 2.846410 2.837520 2.849950 2.866160 2.879950 2.890680 2.899470 2.900000 
2.900000 2.886990 2.786070 2.727310 2.732000 2.775720 2.840830 2.960220 2.869690 2.767750 2.894070 2.987440 2.834280 2.725780 2.760190 2.813470 2.851120 2.874370 2.888890 2.899290 2.900000 
2.900000 2.879550 2.770150 2.720670 2.775410 2.862000 2.847220 2.886040 2.871360 2.800710 2.842020 2.865730 2.833320 2.771080 2.796000 2.836430 2.864100 2.881220 2.891980 2.899640 2.900000 
2.900000 2.868700 2.777680 2.741030 2.848650 2.985420 2.846820 2.743520 2.847290 2.942450 2.816960 2.753190 2.909480 2.947450 2.912750 2.893550 2.891150 2.894160 2.897470 2.900190 2.900000 
2.900000 2.886270 2.857120 2.830410 2.848150 2.892120 2.909300 2.819520 2.819250 2.839380 2.853810 2.834400 2.888300 2.855790 2.869690 2.887450 2.896730 2.900480 2.901090 2.900340 2.900000 
2.900000 2.940480 2.970290 3.005730 2.871210 2.751990 2.863150 2.915420 2.828170 2.778440 2.852350 2.946560 2.797460 2.711700 2.802080 2.870060 2.897000 2.904070 2.903470 2.900380 2.900000 
2.900000 2.908330 2.900800 2.891090 2.871150 2.833400 2.832590 2.831680 2.854450 2.816120 2.834840 2.842510 2.844350 2.869020 2.906070 2.918620 2.917490 2.912260 2.906330 2.900650 2.900000 
2.900000 2.862520 2.797000 2.721200 2.812940 2.958160 2.846940 2.792300 2.831010 2.907300 2.821780 2.755440 2.890860 3.019760 2.992640 2.954020 2.929510 2.915410 2.906780 2.900660 2.900000 
2.900000 2.882030 2.852050 2.824360 2.845870 2.855590 2.874770 2.831480 2.827110 2.822610 2.840880 2.847560 2.851460 2.853620 2.886570 2.906410 2.909260 2.906370 2.902950 2.900080 2.900000 
2.900000 2.938760 2.962720 3.003000 2.892950 2.773970 2.835700 2.930380 2.828720 2.753610 2.869410 2.927090 2.782230 2.750010 2.820690 2.872830 2.893020 2.898440 2.899430 2.899580 2.900000 
2.900000 2.899450 2.887230 2.865420 2.849440 2.894170 2.855130 2.833110 2.847380 2.848080 2.849180 2.811320 2.902500 2.956690 2.939050 2.918460 2.907670 2.902250 2.900110 2.899740 2.900000 
2.900000 2.869520 2.806480 2.749540 2.829240 2.970790 2.822470 2.765710 2.867250 2.961580 2.810070 2.733940 2.930940 3.015910 2.989890 2.950230 2.923490 2.909090 2.902640 2.900110 2.900000 
2.900000 2.883920 2.825340 2.802920 2.874430 2.951200 2.876950 2.865630 2.929500 2.951670 2.831920 2.775910 2.892380 2.968310 2.971350 2.948360 2.926120 2.911590 2.904000 2.900260 2.900000 
2.900000 2.893450 2.859820 2.855230 2.895740 2.931590 2.908510 2.907050 2.933870 2.930450 2.866310 2.834110 2.882610 2.928560 2.940640 2.932340 2.919530 2.909510 2.903550 2.900180 2.900000 
2.900000 2.897740 2.883490 2.883630 2.901640 2.916620 2.911410 2.911660 2.920250 2.914500 2.886590 2.871630 2.888540 2.909360 2.917630 2.915620 2.910080 2.905160 2.901970 2.900030 2.900000 
2.900000 2.900000 2.897740 2.897580 2.900730 2.903370 2.901560 2.901950 2.903740 2.902970 2.897740 2.895270 2.898790 2.901670 2.902110 2.901400 2.900670 2.900240 2.900030 2.900000 2.900000 
2.900000 2.900000 2.900000 2.900000 2.900000 2.900000 2.900000 2.900000 2.900000 2.900000 2.900000 2.900000 2.900000 2.900000 2.900000 2.900000 2.900000 2.900000 2.900000 2.900000 2.900000 
3.000000 3.000000 3.000000 3.000000 3.000000 3.000000 3.000000 3.000000 3.000000 3.000000 3.000000 3.000000 3.000000 3.000000 3.000000 3.000000 3.000000 3.000000 3.000000 3.000000 3.000000 
3.000000 3.000000 2.998570 2.997140 2.995490 2.992960 2.988980 2.984080 2.985390 3.002880 2.996860 2.968450 3.001030 3.015570 3.007610 3.002900 3.000940 3.000250 3.000070 3.000000 3.000000 
3.000000 2.998570 2.977970 2.959720 2.944160 2.930020 2.918230 2.917000 2.944230 2.995980 2.976000 2.920320 2.990920 3.037850 3.029080 3.013090 3.003380 2.999640 2.999200 3.000070 3.000000 
3.000000 2.997430 2.961340 2.930940 2.906990 2.886010 2.867710 2.862310 2.901900 3.011560 2.998350 2.887490 2.991070 3.040510 3.020980 3.002670 2.994990 2.994240 2.996560 2.999930 3.000000 
3.000000 2.996760 2.951780 2.917990 2.896700 2.881430 2.874270 2.892550 2.932010 3.043520 3.054100 2.932500 2.958420 2.963270 2.961360 2.966770 2.975770 2.984830 2.992700 2.999620 3.000000 
3.000000 2.996860 2.951150 2.924640 2.918400 2.918080 2.933930 3.023720 3.034890 3.038860 3.031510 3.004320 2.926010 2.881340 2.903460 2.935700 2.961070 2.978480 2.990370 2.999410 3.000000 
3.000000 2.998640 2.959330 2.948370 2.962670 2.964420 2.938960 3.029580 3.052940 2.957110 2.950840 2.985960 2.964980 2.907510 2.915420 2.942930 2.965610 2.981190 2.991720 2.999580 3.000000 
3.000000 3.001060 2.972590 2.968940 2.991580 3.037140 3.009190 3.016340 2.986370 2.939360 2.970520 3.005970 3.050960 3.012070 2.979020 2.976580 2.983050 2.990070 2.995610 2.999910 3.000000 
3.000000 2.998430 2.992710 2.971210 2.965600 3.040820 3.079460 2.969790 2.934770 2.974120 3.022090 2.986130 2.997800 2.967290 2.973120 2.985810 2.993270 2.997250 2.999170 3.000110 3.000000 
3.000000 3.020380 3.044960 3.062250 3.017300 3.007850 2.997210 2.916710 2.993790 3.061430 3.001060 2.961350 2.933310 2.934290 2.972720 2.994320 3.001880 3.003160 3.002090 3.000250 3.000000 
3.000000 3.009590 3.013390 3.016220 3.000630 2.958180 2.947100 2.973970 3.046280 2.990950 2.974300 2.983300 3.008880 3.021250 3.028170 3.023520 3.016190 3.009800 3.004670 3.000390 3.000000 
3.000000 2.986200 2.950540 2.905300 2.900810 2.925930 2.993000 3.071120 2.984460 2.911040 2.987640 3.041280 3.059140 3.068470 3.053960 3.037070 3.022760 3.012590 3.005550 3.000350 3.000000 
3.000000 2.992340 2.969030 2.941560 2.925490 2.958890 3.033100 2.989950 2.958910 2.964380 3.017880 3.026590 3.016970 2.990870 3.008320 3.019070 3.016750 3.010560 3.004790 2.999990 3.000000 
3.000000 3.013820 3.019260 3.036380 3.015240 3.013540 2.955720 2.916950 2.987460 3.037390 3.027050 2.967200 2.945120 2.984510 3.019610 3.026560 3.020690 3.012330 3.005360 2.999870 3.000000 
3.000000 2.996670 2.978870 2.974730 3.007080 3.044470 2.963180 2.963150 3.022780 3.025440 3.009230 2.946110 3.050500 3.136350 3.117270 3.073640 3.041390 3.020940 3.008480 3.000210 3.000000 
3.000000 2.981650 2.926730 2.885330 2.919710 2.991570 2.967980 3.015460 3.005920 3.000270 2.965580 2.971050 3.114780 3.178630 3.147760 3.095780 3.054530 3.027670 3.011370 3.000570 3.000000 
3.000000 2.987900 2.932230 2.899850 2.922260 2.972620 3.000610 3.051020 3.033430 3.001620 2.965470 2.982410 3.077120 3.128580 3.118710 3.084560 3.051460 3.027340 3.011630 3.000670 3.000000 
3.000000 2.993970 2.956910 2.939410 2.954360 2.985670 3.010610 3.036780 3.031390 3.009050 2.984600 2.992580 3.040220 3.073660 3.075120 3.058070 3.037580 3.020870 3.009110 3.000420 3.000000 
3.000000 2.997580 2.979690 2.972270 2.979920 2.995160 3.008270 3.019290 3.017960 3.007170 2.995160 2.997680 3.017220 3.033290 3.036070 3.029280 3.019620 3.011160 3.004930 3.000140 3.000000 
3.000000 3.000000 2.997580 2.996440 2.997470 2.999630 3.001800 3.004190 3.003010 3.000570 2.998480 2.998910 3.001920 3.003590 3.003250 3.002130 3.001090 3.000460 3.000140 3.000000 3.000000 
3.000000 3.000000 3.000000 3.000000 3.000000 3.000000 3.000000 3.000000 3.000000 3.000000 3.000000 3.000000 3.000000 3.000000 3.000000 3.000000 3.000000 3.000000 3.000000 3.000000 3.000000 
3.100000 3.100000 3.100000 3.100000 3.100000 3.100000 3.100000 3.100000 3.100000 3.100000 3.100000 3.100000 3.100000 3.100000 3.100000 3.100000 3.100000 3.100000 3.100000 3.100000 3.100000 
3.100000 3.100000 3.099400 3.098760 3.097810 3.096160 3.093150 3.088650 3.085270 3.092420 3.101230 3.090460 3.104810 3.111770 3.106150 3.102640 3.100980 3.100320 3.100100 3.100000 3.100000 
3.100000 3.099400 3.089320 3.079320 3.068640 3.056140 3.042840 3.033850 3.041360 3.076770 3.095740 3.076510 3.111970 3.136950 3.128410 3.114890 3.105850 3.101560 3.100200 3.100100 3.100000 
3.100000 3.099400 3.084160 3.069430 3.053470 3.034480 3.015050 3.003250 3.017140 3.096440 3.138480 3.074530 3.115820 3.144260 3.128560 3.111470 3.102000 3.098690 3.098680 3.100030 3.100000 
3.100000 3.100410 3.087390 3.075770 3.062010 3.043730 3.031180 3.043450 3.076030 3.179680 3.204300 3.084130 3.081850 3.095340 3.091570 3.088120 3.088740 3.091800 3.095740 3.099800 3.100000 
3.100000 3.103150 3.100380 3.100450 3.094050 3.075270 3.069140 3.134900 3.184380 3.218460 3.173510 3.094840 3.056830 3.042180 3.051500 3.064360 3.076320 3.085910 3.093390 3.099640 3.100000 
3.100000 3.108860 3.119870 3.136040 3.133660 3.097780 3.070390 3.168550 3.213500 3.125050 3.105540 3.122850 3.106380 3.056960 3.051270 3.062900 3.075650 3.085820 3.093490 3.099650 3.100000 
3.100000 3.115850 3.131740 3.149840 3.136130 3.132720 3.154290 3.204160 3.149080 3.051070 3.137610 3.184070 3.179320 3.115360 3.082680 3.080530 3.085400 3.090970 3.095750 3.099850 3.100000 
3.100000 3.105690 3.119310 3.109590 3.097290 3.171770 3.223800 3.137240 3.106500 3.134960 3.185960 3.136880 3.129190 3.100410 3.094150 3.094650 3.095580 3.096960 3.098500 3.099980 3.100000 
3.100000 3.109700 3.132210 3.143780 3.146380 3.182190 3.148450 3.035170 3.167490 3.251510 3.161490 3.068040 3.092120 3.114510 3.117670 3.110440 3.105030 3.102220 3.100860 3.100060 3.100000 
3.100000 3.108900 3.122060 3.135650 3.134750 3.105520 3.108230 3.139780 3.227460 3.174460 3.150960 3.143800 3.165310 3.153700 3.137260 3.122050 3.111890 3.105910 3.102430 3.100090 3.100000 
3.100000 3.098700 3.088940 3.071440 3.041830 3.012950 3.145990 3.255350 3.161560 3.043290 3.168560 3.239010 3.204900 3.145670 3.128140 3.120680 3.113390 3.107430 3.103140 3.099950 3.100000 
3.100000 3.099900 3.089800 3.076730 3.057040 3.090180 3.185720 3.157270 3.141000 3.146400 3.199780 3.197940 3.178950 3.124370 3.119540 3.120810 3.116070 3.109700 3.104240 3.099750 3.100000 
3.100000 3.102520 3.101640 3.111170 3.131800 3.173130 3.102430 3.024650 3.163470 3.242490 3.191350 3.088240 3.115500 3.160230 3.166240 3.149720 3.131730 3.117540 3.107450 3.099850 3.100000 
3.100000 3.097020 3.081570 3.089650 3.140230 3.176040 3.109570 3.122950 3.193840 3.192470 3.176410 3.107850 3.193810 3.268170 3.245120 3.194760 3.155200 3.128990 3.112230 3.100290 3.100000 
3.100000 3.090300 3.048620 3.022080 3.034630 3.071090 3.114090 3.194960 3.144950 3.097260 3.124520 3.160920 3.257660 3.297660 3.265000 3.211860 3.167080 3.135940 3.115460 3.100680 3.100000 
3.100000 3.091710 3.044890 3.012090 3.009170 3.042880 3.117830 3.188340 3.138980 3.088480 3.101290 3.150340 3.221820 3.252620 3.235490 3.198250 3.162090 3.134590 3.115310 3.100750 3.100000 
3.100000 3.095060 3.060120 3.037430 3.037310 3.063230 3.110290 3.146890 3.127660 3.100590 3.102300 3.131210 3.173010 3.195130 3.189700 3.168870 3.145600 3.126270 3.111840 3.100490 3.100000 
3.100000 3.097750 3.079500 3.068330 3.069240 3.082910 3.104610 3.120100 3.114350 3.103240 3.102680 3.115230 3.134270 3.145690 3.144640 3.135410 3.124020 3.114110 3.106400 3.100150 3.100000 
3.100000 3.100000 3.097750 3.096280 3.096080 3.097760 3.101640 3.104630 3.102260 3.099500 3.099370 3.101230 3.103550 3.104310 3.103540 3.102230 3.101130 3.100480 3.100150 3.100000 3.100000 
3.100000 3.100000 3.100000 3.100000 3.100000 3.100000 3.100000 3.100000 3.100000 3.100000 3.100000 3.100000 3.100000 3.100000 3.100000 3.100000 3.100000 3.100000 3.100000 3.100000 3.100000 
3.200000 3.200000 3.200000 3.200000 3.200000 3.200000 3.200000 3.200000 3.200000 3.200000 3.200000 3.200000 3.200000 3.200000 3.200000 3.200000 3.200000 3.200000 3.200000 3.200000 3.200000 
3.200000 3.200000 3.199970 3.199970 3.199710 3.198870 3.197010 3.193480 3.188470 3.189540 3.201680 3.199710 3.207770 3.210450 3.205550 3.202550 3.201060 3.200410 3.200140 3.200000 3.200000 
3.200000 3.199970 3.197850 3.194620 3.188970 3.179930 3.168110 3.155870 3.150340 3.169360 3.200800 3.203890 3.227380 3.240180 3.230330 3.217470 3.208380 3.203410 3.201140 3.200140 3.200000 
3.200000 3.200640 3.200300 3.197680 3.189960 3.176150 3.159350 3.144070 3.136910 3.180580 3.237610 3.212530 3.237610 3.253800 3.237870 3.220160 3.208650 3.202920 3.200710 3.200140 3.200000 
3.200000 3.202380 3.210110 3.213970 3.208450 3.193100 3.179700 3.183010 3.191430 3.255080 3.289440 3.208320 3.208910 3.223400 3.216480 3.206500 3.200590 3.198550 3.198790 3.200000 3.200000 
3.200000 3.205810 3.227380 3.243050 3.240060 3.216220 3.197850 3.233720 3.270690 3.294060 3.264670 3.193420 3.184350 3.185180 3.187990 3.188890 3.190840 3.193630 3.196750 3.199860 3.200000 
3.200000 3.211890 3.246680 3.274300 3.266340 3.216800 3.180720 3.252630 3.300610 3.236940 3.225730 3.225780 3.219840 3.188590 3.181110 3.183050 3.187400 3.191920 3.196050 3.199790 3.200000 
3.200000 3.218220 3.251220 3.273820 3.245960 3.215460 3.239010 3.291100 3.261490 3.168790 3.253540 3.277660 3.267900 3.218180 3.194300 3.190370 3.191420 3.193990 3.196940 3.199860 3.200000 
3.200000 3.206180 3.223060 3.214280 3.194200 3.248240 3.301260 3.251160 3.238300 3.243930 3.284530 3.236970 3.234890 3.217680 3.208050 3.201550 3.198050 3.197440 3.198410 3.199930 3.200000 
3.200000 3.202590 3.216410 3.217780 3.229940 3.272190 3.255090 3.156150 3.274310 3.327840 3.260660 3.173660 3.217420 3.237780 3.227420 3.211660 3.203060 3.199890 3.199410 3.199930 3.200000 
3.200000 3.205800 3.218730 3.233120 3.242040 3.226300 3.235910 3.248290 3.322900 3.282180 3.269830 3.250000 3.262650 3.239020 3.219240 3.207560 3.201990 3.199900 3.199520 3.199810 3.200000 
3.200000 3.203050 3.207280 3.207930 3.186340 3.138050 3.251400 3.329620 3.272100 3.169450 3.281270 3.321940 3.277380 3.201910 3.190560 3.195630 3.198520 3.199370 3.199540 3.199570 3.200000 
3.200000 3.203670 3.203900 3.204650 3.191410 3.205350 3.284810 3.264250 3.270340 3.270110 3.303340 3.289360 3.271070 3.207400 3.196630 3.202080 3.204020 3.203020 3.201270 3.199460 3.200000 
3.200000 3.198420 3.196090 3.200940 3.225140 3.263230 3.217620 3.145400 3.278270 3.333630 3.283140 3.186280 3.225960 3.254640 3.251250 3.237230 3.223810 3.213330 3.205630 3.199650 3.200000 
3.200000 3.197710 3.185320 3.194930 3.238460 3.268160 3.230780 3.243460 3.295110 3.282480 3.276500 3.221470 3.285430 3.338320 3.319490 3.280270 3.248220 3.226090 3.211220 3.200140 3.200000 
3.200000 3.195180 3.164860 3.147240 3.148720 3.166410 3.224700 3.292590 3.234090 3.180140 3.232640 3.276210 3.342760 3.367760 3.341230 3.298530 3.261110 3.233840 3.214930 3.200570 3.200000 
3.200000 3.194580 3.157710 3.128690 3.115410 3.135660 3.211950 3.271870 3.218660 3.172300 3.207580 3.264100 3.318580 3.337980 3.321590 3.289610 3.258140 3.233320 3.215090 3.200700 3.200000 
3.200000 3.196220 3.166390 3.143770 3.136290 3.154480 3.200650 3.232930 3.211310 3.188780 3.204550 3.240290 3.275650 3.290970 3.283970 3.264770 3.243660 3.225750 3.211860 3.200500 3.200000 
3.200000 3.198140 3.181680 3.169800 3.166940 3.177120 3.198070 3.212160 3.205530 3.197110 3.203230 3.219790 3.236950 3.245320 3.242940 3.233930 3.223320 3.213960 3.206480 3.200180 3.200000 
3.200000 3.200000 3.198140 3.196710 3.196010 3.197100 3.200830 3.203390 3.201010 3.198710 3.199630 3.201850 3.203640 3.203940 3.203100 3.201910 3.200960 3.200440 3.200180 3.200000 3.200000 
3.200000 3.200000 3.200000 3.200000 3.200000 3.200000 3.200000 3.200000 3.200000 3.200000 3.200000 3.200000 3.200000 3.200000 3.200000 3.200000 3.200000 3.200000 3.200000 3.200000 3.200000 
3.300000 3.300000 3.300000 3.300000 3.300000 3.300000 3.300000 3.300000 3.300000 3.300000 3.300000 3.300000 3.300000 3.300000 3.300000 3.300000 3.300000 3.300000 3.300000 3.300000 3.300000 
3.300000 3.300000 3.300250 3.300610 3.300850 3.300600 3.299530 3.296820 3.291210 3.288360 3.298570 3.301380 3.308760 3.309580 3.305070 3.302450 3.301090 3.300430 3.300160 3.300000 3.300000 
3.300000 3.300250 3.302670 3.303610 3.301630 3.295780 3.285830 3.271810 3.256760 3.260170 3.289920 3.307400 3.331960 3.340480 3.330430 3.318360 3.309600 3.304460 3.301710 3.300160 3.300000 
3.300000 3.301170 3.308520 3.312760 3.310790 3.301570 3.286920 3.267220 3.240860 3.249510 3.301990 3.310950 3.344450 3.357200 3.341860 3.324550 3.312470 3.305540 3.302040 3.300170 3.300000 
3.300000 3.302920 3.319570 3.330670 3.330400 3.318160 3.302880 3.292280 3.267980 3.283220 3.324520 3.297960 3.319710 3.336410 3.329200 3.316970 3.308020 3.303120 3.300960 3.300130 3.300000 
3.300000 3.305910 3.334610 3.354620 3.353330 3.328290 3.299220 3.301280 3.302500 3.302770 3.306700 3.272580 3.290140 3.303200 3.306730 3.303510 3.300560 3.299300 3.299360 3.300030 3.300000 
3.300000 3.310550 3.347460 3.372910 3.361160 3.306340 3.254970 3.286120 3.325010 3.290500 3.295890 3.289420 3.300910 3.294590 3.295280 3.295580 3.295910 3.296860 3.298300 3.299980 3.300000 
3.300000 3.314170 3.342670 3.355790 3.319570 3.271330 3.273230 3.309180 3.315470 3.250550 3.313950 3.314560 3.322240 3.305150 3.297790 3.296310 3.295980 3.296720 3.298170 3.299970 3.300000 
3.300000 3.302450 3.308220 3.288210 3.254970 3.280830 3.324240 3.305810 3.309850 3.293590 3.322050 3.288330 3.306490 3.309150 3.306520 3.301320 3.298070 3.297450 3.298370 3.299940 3.300000 
3.300000 3.296810 3.294750 3.278690 3.277630 3.307360 3.310710 3.236850 3.313100 3.326340 3.296840 3.244940 3.298950 3.317270 3.311010 3.301390 3.297140 3.296690 3.297990 3.299860 3.300000 
3.300000 3.301450 3.305240 3.310390 3.318930 3.308570 3.311460 3.292210 3.338780 3.312060 3.317090 3.294720 3.305460 3.287530 3.282260 3.285180 3.289550 3.293490 3.296760 3.299630 3.300000 
3.300000 3.302950 3.309320 3.316600 3.308020 3.251610 3.305240 3.327670 3.306680 3.239120 3.316990 3.321290 3.289650 3.234070 3.242770 3.266080 3.281960 3.290870 3.295940 3.299360 3.300000 
3.300000 3.304450 3.308130 3.314990 3.305070 3.290770 3.331330 3.305970 3.324400 3.315550 3.324150 3.304070 3.298050 3.247540 3.249790 3.271480 3.286410 3.293950 3.297460 3.299270 3.300000 
3.300000 3.297110 3.292760 3.290440 3.297940 3.311310 3.289030 3.230120 3.320530 3.334580 3.298840 3.231940 3.275160 3.293220 3.298930 3.303960 3.305240 3.303980 3.301840 3.299480 3.300000 
3.300000 3.297860 3.286170 3.289010 3.311760 3.327880 3.310430 3.309970 3.326610 3.299470 3.306460 3.276240 3.327810 3.367010 3.362050 3.344760 3.328830 3.316570 3.307390 3.299950 3.300000 
3.300000 3.297460 3.274570 3.259840 3.252780 3.255870 3.298780 3.332910 3.274880 3.229220 3.288330 3.332410 3.384730 3.405810 3.392290 3.367100 3.343400 3.324990 3.311370 3.300400 3.300000 
3.300000 3.296470 3.268290 3.243850 3.226480 3.233190 3.286220 3.321120 3.274200 3.240870 3.283240 3.336600 3.380970 3.397330 3.387720 3.366430 3.344410 3.326240 3.312170 3.300610 3.300000 
3.300000 3.297270 3.273540 3.253640 3.242830 3.251610 3.283900 3.304100 3.284700 3.269920 3.291270 3.326200 3.356100 3.368720 3.364210 3.350390 3.334730 3.320990 3.309860 3.300480 3.300000 
3.300000 3.298570 3.285120 3.274350 3.269590 3.275040 3.289870 3.299130 3.293100 3.288110 3.297220 3.313830 3.328730 3.335570 3.333880 3.327100 3.318960 3.311600 3.305510 3.300200 3.300000 
3.300000 3.300000 3.298570 3.297380 3.296560 3.297060 3.299650 3.301270 3.299390 3.297900 3.299200 3.301290 3.302730 3.302940 3.302280 3.301400 3.300730 3.300390 3.300200 3.300000 3.300000 
3.300000 3.300000 3.300000 3.300000 3.300000 3.300000 3.300000 3.300000 3.300000 3.300000 3.300000 3.300000 3.300000 3.300000 3.300000 3.300000 3.300000 3.300000 3.300000 3.300000 3.300000 
3.400000 3.400000 3.400000 3.400000 3.400000 3.400000 3.400000 3.400000 3.400000 3.400000 3.400000 3.400000 3.400000 3.400000 3.400000 3.400000 3.400000 3.400000 3.400000 3.400000 3.400000 
3.400000 3.400000 3.400310 3.400770 3.401140 3.401220 3.400650 3.398600 3.393280 3.388490 3.395250 3.400220 3.408180 3.408120 3.404210 3.402020 3.400940 3.400390 3.400100 3.400000 3.400000 
3.400000 3.400310 3.404030 3.406480 3.406460 3.402960 3.395160 3.381400 3.361720 3.353740 3.376150 3.400700 3.428420 3.435480 3.426270 3.416000 3.408670 3.404210 3.401700 3.400100 3.400000 
3.400000 3.401090 3.409900 3.416030 3.416790 3.411010 3.398810 3.377290 3.339030 3.321250 3.362000 3.394530 3.440190 3.451710 3.437750 3.422730 3.412170 3.405830 3.402340 3.400200 3.400000 
3.400000 3.402420 3.418750 3.430260 3.432020 3.422720 3.407070 3.386200 3.336020 3.311660 3.356250 3.376710 3.418600 3.435650 3.429560 3.418560 3.409950 3.404680 3.401810 3.400170 3.400000 
3.400000 3.404470 3.428900 3.445700 3.444590 3.421490 3.386890 3.363050 3.330090 3.310570 3.345470 3.348980 3.384590 3.404630 3.411040 3.408350 3.404520 3.401940 3.400680 3.400130 3.400000 
3.400000 3.407300 3.434650 3.451710 3.438160 3.384760 3.321410 3.316350 3.344120 3.336350 3.356490 3.347400 3.373300 3.387490 3.397880 3.400360 3.400000 3.399580 3.399650 3.400080 3.400000 
3.400000 3.408410 3.423710 3.424010 3.384380 3.327810 3.306040 3.323340 3.360580 3.325900 3.365320 3.347050 3.373950 3.387040 3.395120 3.397850 3.398160 3.398390 3.399080 3.400060 3.400000 
3.400000 3.398280 3.389940 3.357190 3.312660 3.315230 3.346870 3.351770 3.368470 3.335970 3.353370 3.334940 3.372340 3.392240 3.398470 3.397910 3.397080 3.397400 3.398520 3.399980 3.400000 
3.400000 3.393270 3.376590 3.344490 3.325680 3.340040 3.359890 3.309740 3.343560 3.322910 3.326520 3.311990 3.370250 3.387030 3.390250 3.390660 3.392320 3.394760 3.397340 3.399850 3.400000 
3.400000 3.397950 3.391100 3.384950 3.389000 3.380840 3.374090 3.326350 3.344530 3.329980 3.350290 3.330400 3.343160 3.338100 3.351560 3.369100 3.381850 3.390090 3.395510 3.399630 3.400000 
3.400000 3.401280 3.404020 3.411340 3.414380 3.356680 3.350410 3.321520 3.327210 3.293790 3.337910 3.313380 3.302450 3.278650 3.309600 3.347830 3.372590 3.386470 3.394250 3.399390 3.400000 
3.400000 3.403610 3.406490 3.414500 3.406350 3.368120 3.369560 3.335650 3.358000 3.341410 3.329320 3.309320 3.320190 3.291700 3.312470 3.349660 3.374700 3.388240 3.395190 3.399310 3.400000 
3.400000 3.396970 3.390480 3.381470 3.369390 3.356860 3.350360 3.303200 3.345740 3.321820 3.303110 3.270190 3.315340 3.329480 3.349730 3.374580 3.389350 3.396110 3.398690 3.399510 3.400000 
3.400000 3.397900 3.386380 3.381530 3.383150 3.384990 3.377790 3.362030 3.345070 3.306260 3.324530 3.318730 3.364430 3.396550 3.406470 3.409980 3.409350 3.406650 3.403340 3.399930 3.400000 
3.400000 3.398440 3.381190 3.367670 3.354790 3.346670 3.365370 3.366110 3.312000 3.278540 3.335020 3.376010 3.421250 3.442670 3.442160 3.433680 3.423570 3.414490 3.406920 3.400330 3.400000 
3.400000 3.397770 3.377580 3.358350 3.340680 3.336210 3.361330 3.371700 3.334290 3.314510 3.354770 3.399210 3.435770 3.451690 3.449790 3.439550 3.427610 3.416940 3.408140 3.400530 3.400000 
3.400000 3.398200 3.381160 3.365660 3.354540 3.355250 3.371330 3.379140 3.363690 3.355970 3.376760 3.405760 3.429750 3.440830 3.439870 3.432260 3.422870 3.414210 3.406910 3.400450 3.400000 
3.400000 3.399030 3.389270 3.380830 3.375780 3.377160 3.384830 3.388940 3.384070 3.381890 3.390850 3.404700 3.416550 3.422300 3.421920 3.417920 3.412830 3.408060 3.403940 3.400230 3.400000 
3.400000 3.400000 3.399030 3.398160 3.397410 3.397410 3.398750 3.399510 3.398210 3.397440 3.398730 3.400380 3.401500 3.401750 3.401390 3.400860 3.400510 3.400370 3.400230 3.400000 3.400000 
3.400000 3.400000 3.400000 3.400000 3.400000 3.400000 3.400000 3.400000 3.400000 3.400000 3.400000 3.400000 3.400000 3.400000 3.400000 3.400000 3.400000 3.400000 3.400000 3.400000 3.400000 
3.500000 3.500000 3.500000 3.500000 3.500000 3.500000 3.500000 3.500000 3.500000 3.500000 3.500000 3.500000 3.500000 3.500000 3.500000 3.500000 3.500000 3.500000 3.500000 3.500000 3.500000 
3.500000 3.500000 3.500200 3.500480 3.500770 3.500880 3.500700 3.499510 3.495940 3.491670 3.494970 3.499350 3.505800 3.505450 3.502610 3.501230 3.500570 3.500230 3.500050 3.500000 3.500000 
3.500000 3.500200 3.502830 3.504760 3.505310 3.503720 3.499230 3.489820 3.473410 3.461030 3.474300 3.496180 3.521560 3.525250 3.517120 3.510070 3.505440 3.502660 3.501070 3.500050 3.500000 
3.500000 3.500620 3.506550 3.510960 3.512300 3.509750 3.502890 3.488200 3.452490 3.420040 3.446840 3.485150 3.535950 3.539870 3.525560 3.514750 3.507910 3.503870 3.501550 3.500120 3.500000 
3.500000 3.501340 3.511600 3.519250 3.521370 3.516950 3.508430 3.494260 3.434970 3.381360 3.426870 3.472880 3.520030 3.527620 3.520620 3.512650 3.506950 3.503420 3.501380 3.500120 3.500000 
3.500000 3.502380 3.516960 3.527540 3.528110 3.514710 3.488370 3.458350 3.401410 3.365000 3.429300 3.450290 3.486790 3.501620 3.507990 3.506430 3.503840 3.501920 3.500780 3.500090 3.500000 
3.500000 3.503710 3.519040 3.529660 3.522650 3.482200 3.415060 3.387350 3.412880 3.430840 3.458990 3.434550 3.463950 3.483880 3.497780 3.500970 3.500920 3.500410 3.500140 3.500060 3.500000 
3.500000 3.503670 3.509530 3.505990 3.473790 3.419190 3.382420 3.383480 3.455910 3.440220 3.461160 3.413260 3.453450 3.481250 3.495040 3.498650 3.499220 3.499360 3.499640 3.500070 3.500000 
3.500000 3.496970 3.483350 3.446980 3.399400 3.394210 3.421590 3.447440 3.476100 3.424140 3.433040 3.419330 3.466580 3.490640 3.497250 3.497460 3.497630 3.498230 3.499090 3.500020 3.500000 
3.500000 3.493820 3.473330 3.434960 3.405040 3.410670 3.455610 3.422710 3.427980 3.373210 3.406760 3.418210 3.476550 3.479570 3.485390 3.489720 3.493140 3.495900 3.498070 3.499910 3.500000 
3.500000 3.497070 3.486170 3.474250 3.479530 3.481400 3.477990 3.408350 3.408140 3.405760 3.441630 3.417540 3.427560 3.427470 3.451010 3.472360 3.485030 3.492290 3.496690 3.499790 3.500000 
3.500000 3.499970 3.499360 3.505750 3.529600 3.476740 3.431150 3.364710 3.403480 3.396180 3.419960 3.363630 3.373580 3.372550 3.416770 3.456040 3.477990 3.489490 3.495660 3.499630 3.500000 
3.500000 3.502220 3.504400 3.516040 3.517470 3.465490 3.447510 3.412160 3.445840 3.425950 3.394640 3.378820 3.406950 3.386270 3.415640 3.455230 3.478280 3.490100 3.496080 3.499600 3.500000 
3.500000 3.497810 3.491480 3.480160 3.454920 3.424930 3.444820 3.408720 3.423680 3.366310 3.369510 3.359870 3.406120 3.409230 3.436110 3.469290 3.486570 3.494550 3.498050 3.499740 3.500000 
3.500000 3.498490 3.489820 3.483640 3.473650 3.470870 3.474820 3.453480 3.415210 3.369240 3.400120 3.404950 3.442120 3.464910 3.480200 3.493160 3.499130 3.500950 3.500830 3.499980 3.500000 
3.500000 3.499170 3.488960 3.479980 3.467810 3.454840 3.456640 3.436720 3.391490 3.371200 3.424210 3.452910 3.488850 3.505650 3.510270 3.510760 3.508860 3.506060 3.503130 3.500230 3.500000 
3.500000 3.498860 3.487540 3.475850 3.462250 3.452450 3.458490 3.455730 3.430570 3.421530 3.453370 3.482050 3.506970 3.518740 3.520330 3.517230 3.512670 3.508130 3.504070 3.500360 3.500000 
3.500000 3.499050 3.489650 3.480490 3.472490 3.469550 3.474550 3.475380 3.465460 3.462440 3.477170 3.495230 3.510220 3.517630 3.518330 3.515310 3.511210 3.507160 3.503600 3.500290 3.500000 
3.500000 3.499480 3.494110 3.489220 3.485660 3.485060 3.487710 3.488690 3.485600 3.484960 3.491020 3.499480 3.506630 3.510260 3.510510 3.508820 3.506440 3.504170 3.502100 3.500180 3.500000 
3.500000 3.500000 3.499480 3.499020 3.498570 3.498400 3.498830 3.499010 3.498380 3.498130 3.498940 3.499890 3.500570 3.500770 3.500630 3.500400 3.500270 3.500230 3.500180 3.500000 3.500000 
3.500000 3.500000 3.500000 3.500000 3.500000 3.500000 3.500000 3.500000 3.500000 3.500000 3.500000 3.500000 3.500000 3.500000 3.500000 3.500000 3.500000 3.500000 3.500000 3.500000 3.500000 
3.600000 3.600000 3.600000 3.600000 3.600000 3.600000 3.600000 3.600000 3.600000 3.600000 3.600000 3.600000 3.600000 3.600000 3.600000 3.600000 3.600000 3.600000 3.600000 3.600000 3.600000 
3.600000 3.600000 3.600000 3.600000 3.600000 3.600000 3.600000 3.600000 3.600000 3.600000 3.600020 3.600000 3.599980 3.599990 3.600000 3.600000 3.600000 3.600000 3.600000 3.600000 3.600000 
3.600000 3.600000 3.600200 3.600480 3.600770 3.600880 3.600700 3.599490 3.595870 3.586680 3.590820 3.598370 3.614260 3.610140 3.602610 3.601230 3.600570 3.600220 3.600050 3.600000 3.600000 
3.600000 3.600000 3.600620 3.601350 3.602020 3.602450 3.602930 3.606450 3.593950 3.546670 3.560390 3.580150 3.655090 3.628440 3.604930 3.601950 3.600860 3.600350 3.600130 3.600000 3.600000 
3.600000 3.600000 3.601340 3.602760 3.603990 3.605470 3.614460 3.652220 3.592480 3.470710 3.536580 3.600860 3.643490 3.616430 3.604730 3.601720 3.600770 3.600340 3.600130 3.600000 3.600000 
3.600000 3.600000 3.602380 3.605050 3.609040 3.620360 3.631430 3.626690 3.510400 3.407740 3.583480 3.584170 3.606610 3.597090 3.603340 3.600970 3.600490 3.600250 3.600110 3.600000 3.600000 
3.600000 3.600000 3.604250 3.615360 3.636690 3.630880 3.533180 3.475700 3.527230 3.613280 3.645090 3.542870 3.581490 3.587550 3.601060 3.600460 3.600230 3.600150 3.600060 3.600000 3.600000 
3.600000 3.600040 3.606720 3.623440 3.616480 3.547170 3.489210 3.439330 3.653310 3.604640 3.645750 3.469560 3.562900 3.592640 3.601710 3.600610 3.600160 3.600090 3.600070 3.600000 3.600000 
3.600000 3.599990 3.595940 3.560710 3.497380 3.516380 3.553240 3.635680 3.695160 3.557150 3.572360 3.535540 3.602440 3.619300 3.608470 3.601140 3.600100 3.600000 3.600010 3.600000 3.600000 
3.600000 3.600040 3.590030 3.546330 3.498630 3.485100 3.638490 3.581500 3.590280 3.408880 3.538750 3.569490 3.669340 3.601280 3.601490 3.600080 3.599630 3.599780 3.599910 3.600000 3.600000 
3.600000 3.600030 3.593720 3.577930 3.595650 3.641310 3.684370 3.543340 3.528530 3.560460 3.650370 3.581110 3.570160 3.555690 3.585210 3.596730 3.598510 3.599330 3.599790 3.600000 3.600000 
3.600000 3.600030 3.595970 3.590210 3.702310 3.625430 3.539890 3.384570 3.560770 3.552430 3.615320 3.425210 3.495080 3.498730 3.568610 3.593210 3.597300 3.598910 3.599630 3.600000 3.600000 
3.600000 3.600080 3.602570 3.635870 3.679090 3.588660 3.582310 3.549020 3.647690 3.632260 3.524350 3.535990 3.613820 3.531290 3.562200 3.592080 3.597010 3.598800 3.599590 3.600000 3.600000 
3.600000 3.599980 3.595230 3.581500 3.530420 3.460250 3.600760 3.539950 3.595910 3.427700 3.515510 3.495290 3.574370 3.523020 3.555480 3.593200 3.597720 3.599080 3.599740 3.600000 3.600000 
3.600000 3.600070 3.596570 3.602410 3.589460 3.609060 3.634390 3.627380 3.559450 3.489070 3.571090 3.547850 3.571090 3.582170 3.589110 3.597610 3.599110 3.599700 3.599980 3.600000 3.600000 
3.600000 3.599980 3.599480 3.601290 3.599330 3.579820 3.577800 3.539810 3.503040 3.497070 3.582020 3.572450 3.602970 3.603140 3.600560 3.600270 3.600200 3.600240 3.600230 3.600000 3.600000 
3.600000 3.600000 3.598870 3.597360 3.590890 3.578040 3.578900 3.583120 3.573000 3.569680 3.591010 3.594320 3.601050 3.602110 3.601540 3.600980 3.600650 3.600500 3.600360 3.600000 3.600000 
3.600000 3.600000 3.599050 3.598010 3.596500 3.595340 3.596730 3.597920 3.594930 3.593890 3.596860 3.599420 3.601090 3.601550 3.601260 3.600860 3.600570 3.600430 3.600290 3.600000 3.600000 
3.600000 3.600000 3.599490 3.599010 3.598570 3.598400 3.598830 3.599020 3.598380 3.598130 3.598940 3.599890 3.600570 3.600770 3.600640 3.600400 3.600270 3.600230 3.600180 3.600000 3.600000 
3.600000 3.600000 3.600000 3.600000 3.600000 3.600000 3.600000 3.600000 3.600000 3.600000 3.600000 3.600000 3.600000 3.600000 3.600000 3.600000 3.600000 3.600000 3.600000 3.600000 3.600000 
3.600000 3.600000 3.600000 3.600000 3.600000 3.600000 3.600000 3.600000 3.600000 3.600000 3.600000 3.600000 3.600000 3.600000 3.600000 3.600000 3.600000 3.600000 3.600000 3.600000 3.600000 
3.700000 3.700000 3.700000 3.700000 3.700000 3.700000 3.700000 3.700000 3.700000 3.700000 3.700000 3.700000 3.700000 3.700000 3.700000 3.700000 3.700000 3.700000 3.700000 3.700000 3.700000 
3.700000 3.700000 3.700000 3.700000 3.700000 3.700000 3.700000 3.700000 3.700000 3.700000 3.700000 3.700000 3.700000 3.700000 3.700000 3.700000 3.700000 3.700000 3.700000 3.700000 3.700000 
3.700000 3.700000 3.700000 3.700000 3.700000 3.700000 3.700000 3.700000 3.700000 3.700000 3.700000 3.700000 3.700000 3.700000 3.700000 3.700000 3.700000 3.700000 3.700000 3.700000 3.700000 
3.700000 3.700000 3.700000 3.700000 3.700000 3.700000 3.700000 3.700000 3.700000 3.700000 3.700000 3.700000 3.700000 3.700000 3.700000 3.700000 3.700000 3.700000 3.700000 3.700000 3.700000 
3.700000 3.700000 3.700000 3.700000 3.700000 3.700000 3.700000 3.700000 3.700000 3.700000 3.700000 3.700000 3.700000 3.700000 3.700000 3.700000 3.700000 3.700000 3.700000 3.700000 3.700000 
3.700000 3.700000 3.700000 3.700000 3.700000 3.700000 3.700000 3.700000 3.700000 3.700000 3.700000 3.700000 3.700000 3.700000 3.700000 3.700000 3.700000 3.700000 3.700000 3.700000 3.700000 
3.700000 3.700000 3.700000 3.700000 3.700000 3.700000 3.700000 3.700000 3.700000 3.700000 3.700000 3.700000 3.700000 3.700000 3.700000 3.700000 3.700000 3.700000 3.700000 3.700000 3.700000 
3.700000 3.700000 3.700000 3.700000 3.700000 3.700000 3.700000 3.700000 3.700000 3.700000 3.700000 3.700000 3.700000 3.700000 3.700000 3.700000 3.700000 3.700000 3.700000 3.700000 3.700000 
3.700000 3.700000 3.700000 3.700000 3.700000 3.700000 3.700000 3.700000 3.700000 3.700000 3.700000 3.700000 3.700000 3.700000 3.700000 3.700000 3.700000 3.700000 3.700000 3.700000 3.700000 
3.700000 3.700000 3.700000 3.700000 3.700000 3.700000 3.700000 3.700000 3.700000 3.700000 3.700000 3.700000 3.700000 3.700000 3.700000 3.700000 3.700000 3.700000 3.700000 3.700000 3.700000 
3.700000 3.700000 3.700000 3.700000 3.700000 3.700000 3.700000 3.700000 3.700000 3.700000 3.700000 3.700000 3.700000 3.700000 3.700000 3.700000 3.700000 3.700000 3.700000 3.700000 3.700000 
3.700000 3.700000 3.700000 3.700000 3.700000 3.700000 3.700000 3.700000 3.700000 3.700000 3.700000 3.700000 3.700000 3.700000 3.700000 3.700000 3.700000 3.700000 3.700000 3.700000 3.700000 
3.700000 3.700000 3.700000 3.700000 3.700000 3.700000 3.700000 3.700000 3.700000 3.700000 3.700000 3.700000 3.700000 3.700000 3.700000 3.700000 3.700000 3.700000 3.700000 3.700000 3.700000 
3.700000 3.700000 3.700000 3.700000 3.700000 3.700000 3.700000 3.700000 3.700000 3.700000 3.700000 3.700000 3.700000 3.700000 3.700000 3.700000 3.700000 3.700000 3.700000 3.700000 3.700000 
3.700000 3.700000 3.700000 3.700000 3.700000 3.700000 3.700000 3.700000 3.700000 3.700000 3.700000 3.700000 3.700000 3.700000 3.700000 3.700000 3.700000 3.700000 3.700000 3.700000 3.700000 
3.700000 3.700000 3.700000 3.700000 3.700000 3.700000 3.700000 3.700000 3.700000 3.700000 3.700000 3.700000 3.700000 3.700000 3.700000 3.700000 3.700000 3.700000 3.700000 3.700000 3.700000 
3.700000 3.700000 3.700000 3.700000 3.700000 3.700000 3.700000 3.700000 3.700000 3.700000 3.700000 3.700000 3.700000 3.700000 3.700000 3.700000 3.700000 3.700000 3.700000 3.700000 3.700000 
3.700000 3.700000 3.700000 3.700000 3.700000 3.700000 3.700000 3.700000 3.700000 3.700000 3.700000 3.700000 3.700000 3.700000 3.700000 3.700000 3.700000 3.700000 3.700000 3.700000 3.700000 
3.700000 3.700000 3.700000 3.700000 3.700000 3.700000 3.700000 3.700000 3.700000 3.700000 3.700000 3.700000 3.700000 3.700000 3.700000 3.700000 3.700000 3.700000 3.700000 3.700000 3.700000 
3.700000 3.700000 3.700000 3.700000 3.700000 3.700000 3.700000 3.700000 3.700000 3.700000 3.700000 3.700000 3.700000 3.700000 3.700000 3.700000 3.700000 3.700000 3.700000 3.700000 3.700000 
3.700000 3.700000 3.700000 3.700000 3.700000 3.700000 3.700000 3.700000 3.700000 3.700000 3.700000 3.700000 3.700000 3.700000 3.700000 3.700000 3.700000 3.700000 3.700000 3.700000 3.700000 
