>
 548 3.1454
 0.0426 
>
 99.1466 25.1180
 101.5360 25.0293
>
 99.1466 25.1180
 103.1870 26.0922
>
 103.1600 23.3535
 99.1466 25.1180
>
 98.6707 27.7449
 99.1466 25.1180
>
 106.6640 26.4590
 99.1466 25.1180
>
 99.1466 25.1180
 100.7380 22.0194
>
 103.2230 22.7825
 99.1466 25.1180
>
 102.7600 23.6504
 99.1466 25.1180
>
 99.1466 25.1180
 102.7470 25.1483
>
 99.1466 25.1180
 103.5700 28.2722
>
 100.0690 23.8785
 99.1466 25.1180
>
 99.1466 25.1180
 104.2910 24.8856
>
 99.1466 25.1180
 102.4500 25.5408
>
 99.1466 25.1180
 99.5796 22.3365
>
 101.5280 21.4259
 99.1466 25.1180
>
 104.7020 23.1284
 99.1466 25.1180
>
 101.0140 22.7756
 99.1466 25.1180
>
 102.7880 24.1128
 99.1466 25.1180
>
 104.2520 23.4076
 99.1466 25.1180
>
 99.7917 28.9417
 99.1466 25.1180
>
 99.6984 27.8232
 99.1466 25.1180
>
 101.3160 25.7268
 105.3500 27.2435
>
 98.6707 27.7449
 105.3500 27.2435
>
 100.1510 26.5490
 105.3500 27.2435
>
 100.7380 22.0194
 105.3500 27.2435
>
 105.3500 27.2435
 103.2230 22.7825
>
 100.2320 26.8956
 105.3500 27.2435
>
 102.5420 27.3839
 105.3500 27.2435
>
 101.0140 22.7756
 105.3500 27.2435
>
 102.7880 24.1128
 105.3500 27.2435
>
 99.7917 28.9417
 105.3500 27.2435
>
 102.1440 24.7002
 105.3500 27.2435
>
 101.6780 27.4669
 105.3500 27.2435
>
 103.7180 27.3221
 105.3500 27.2435
>
 99.6984 27.8232
 105.3500 27.2435
>
 99.9475 26.1088
 99.2585 23.1364
>
 99.2585 23.1364
 105.6200 23.6249
>
 99.2585 23.1364
 103.1600 23.3535
>
 99.2585 23.1364
 106.6640 26.4590
>
 100.1510 26.5490
 99.2585 23.1364
>
 99.2585 23.1364
 103.2230 22.7825
>
 99.2585 23.1364
 102.7600 23.6504
>
 99.2585 23.1364
 103.5700 28.2722
>
 100.2320 26.8956
 99.2585 23.1364
>
 99.2585 23.1364
 104.2910 24.8856
>
 98.8518 25.8317
 99.2585 23.1364
>
 99.2585 23.1364
 103.3880 24.4058
>
 99.2585 23.1364
 104.7020 23.1284
>
 102.5420 27.3839
 99.2585 23.1364
>
 101.7430 26.5033
 99.2585 23.1364
>
 99.2585 23.1364
 102.7880 24.1128
>
 100.2540 25.6093
 99.2585 23.1364
>
 98.0709 24.0851
 99.2585 23.1364
>
 99.7917 28.9417
 99.2585 23.1364
>
 104.2310 28.1117
 99.2585 23.1364
>
 100.7680 26.6941
 99.2585 23.1364
>
 99.2585 23.1364
 101.9780 23.5659
>
 99.3717 25.8854
 99.2585 23.1364
>
 99.6984 27.8232
 99.2585 23.1364
>
 99.9475 26.1088
 101.5360 25.0293
>
 103.1600 23.3535
 101.5360 25.0293
>
 101.5360 25.0293
 106.6640 26.4590
>
 104.7360 28.6360
 101.5360 25.0293
>
 100.7350 23.5019
 101.5360 25.0293
>
 103.2230 22.7825
 101.5360 25.0293
>
 101.5360 25.0293
 102.7470 25.1483
>
 101.5360 25.0293
 100.2320 26.8956
>
 101.5360 25.0293
 104.2910 24.8856
>
 101.5360 25.0293
 101.5280 21.4259
>
 101.7430 26.5033
 101.5360 25.0293
>
 101.5360 25.0293
 101.0140 22.7756
>
 98.5197 25.0289
 101.5360 25.0293
>
 102.7880 24.1128
 101.5360 25.0293
>
 98.0709 24.0851
 101.5360 25.0293
>
 101.6780 27.4669
 101.5360 25.0293
>
 103.1600 23.3535
 101.3160 25.7268
>
 98.6707 27.7449
 101.3160 25.7268
>
 101.3160 25.7268
 106.6640 26.4590
>
 100.1510 26.5490
 101.3160 25.7268
>
 100.7380 22.0194
 101.3160 25.7268
>
 103.2230 22.7825
 101.3160 25.7268
>
 101.3160 25.7268
 99.9206 22.5524
>
 98.8518 25.8317
 101.3160 25.7268
>
 101.3160 25.7268
 103.5750 25.4273
>
 99.5796 22.3365
 101.3160 25.7268
>
 101.3160 25.7268
 101.5280 21.4259
>
 104.7020 23.1284
 101.3160 25.7268
>
 101.3160 25.7268
 101.0140 22.7756
>
 102.7880 24.1128
 101.3160 25.7268
>
 104.2520 23.4076
 101.3160 25.7268
>
 99.3717 25.8854
 101.3160 25.7268
>
 103.7180 27.3221
 101.3160 25.7268
>
 101.3160 25.7268
 99.6984 27.8232
>
 99.9475 26.1088
 103.1870 26.0922
>
 100.1510 26.5490
 103.1870 26.0922
>
 100.7350 23.5019
 103.1870 26.0922
>
 100.7380 22.0194
 103.1870 26.0922
>
 103.1870 26.0922
 102.7600 23.6504
>
 102.7470 25.1483
 103.1870 26.0922
>
 103.5700 28.2722
 103.1870 26.0922
>
 104.2910 24.8856
 103.1870 26.0922
>
 98.8518 25.8317
 103.1870 26.0922
>
 103.1870 26.0922
 101.5280 21.4259
>
 98.5197 25.0289
 103.1870 26.0922
>
 103.1870 26.0922
 102.7880 24.1128
>
 98.4848 24.7485
 103.1870 26.0922
>
 104.2310 28.1117
 103.1870 26.0922
>
 103.1870 26.0922
 101.9780 23.5659
>
 99.3717 25.8854
 103.1870 26.0922
>
 103.7180 27.3221
 103.1870 26.0922
>
 103.1600 23.3535
 99.9475 26.1088
>
 99.9475 26.1088
 106.6640 26.4590
>
 103.2230 22.7825
 99.9475 26.1088
>
 102.7600 23.6504
 99.9475 26.1088
>
 99.9475 26.1088
 99.9206 22.5524
>
 100.0690 23.8785
 99.9475 26.1088
>
 99.9475 26.1088
 104.7700 26.6500
>
 102.4500 25.5408
 99.9475 26.1088
>
 99.5796 22.3365
 99.9475 26.1088
>
 103.3880 24.4058
 99.9475 26.1088
>
 104.7020 23.1284
 99.9475 26.1088
>
 99.9475 26.1088
 102.9430 26.9095
>
 102.7880 24.1128
 99.9475 26.1088
>
 104.2520 23.4076
 99.9475 26.1088
>
 99.7917 28.9417
 99.9475 26.1088
>
 104.1360 26.0881
 99.9475 26.1088
>
 99.9475 26.1088
 99.2454 24.0357
>
 99.9475 26.1088
 101.9780 23.5659
>
 101.8610 25.6894
 99.9475 26.1088
>
 100.1470 24.4348
 99.9475 26.1088
>
 99.9475 26.1088
 103.7180 27.3221
>
 99.6984 27.8232
 99.9475 26.1088
>
 103.1600 23.3535
 105.6200 23.6249
>
 100.7350 23.5019
 105.6200 23.6249
>
 100.7380 22.0194
 105.6200 23.6249
>
 102.7600 23.6504
 105.6200 23.6249
>
 102.7470 25.1483
 105.6200 23.6249
>
 99.9206 22.5524
 105.6200 23.6249
>
 100.2320 26.8956
 105.6200 23.6249
>
 102.4500 25.5408
 105.6200 23.6249
>
 98.8518 25.8317
 105.6200 23.6249
>
 99.5796 22.3365
 105.6200 23.6249
>
 102.9430 26.9095
 105.6200 23.6249
>
 101.0140 22.7756
 105.6200 23.6249
>
 102.1440 24.7002
 105.6200 23.6249
>
 100.7680 26.6941
 105.6200 23.6249
>
 101.9780 23.5659
 105.6200 23.6249
>
 106.6640 26.4590
 103.1600 23.3535
>
 104.7360 28.6360
 103.1600 23.3535
>
 100.2320 26.8956
 103.1600 23.3535
>
 104.2910 24.8856
 103.1600 23.3535
>
 98.8518 25.8317
 103.1600 23.3535
>
 103.5750 25.4273
 103.1600 23.3535
>
 103.3880 24.4058
 103.1600 23.3535
>
 101.5280 21.4259
 103.1600 23.3535
>
 101.7430 26.5033
 103.1600 23.3535
>
 98.3345 25.2174
 103.1600 23.3535
>
 100.2540 25.6093
 103.1600 23.3535
>
 103.1600 23.3535
 104.2520 23.4076
>
 104.2310 28.1117
 103.1600 23.3535
>
 100.1470 24.4348
 103.1600 23.3535
>
 99.6984 27.8232
 103.1600 23.3535
>
 106.6640 26.4590
 98.6707 27.7449
>
 100.1510 26.5490
 98.6707 27.7449
>
 101.1990 26.5871
 98.6707 27.7449
>
 102.7600 23.6504
 98.6707 27.7449
>
 102.7470 25.1483
 98.6707 27.7449
>
 98.6707 27.7449
 103.5700 28.2722
>
 98.6707 27.7449
 100.8620 27.7143
>
 104.2910 24.8856
 98.6707 27.7449
>
 102.4500 25.5408
 98.6707 27.7449
>
 103.5750 25.4273
 98.6707 27.7449
>
 98.6707 27.7449
 98.5925 24.4245
>
 98.6707 27.7449
 99.5796 22.3365
>
 103.3880 24.4058
 98.6707 27.7449
>
 104.7020 23.1284
 98.6707 27.7449
>
 102.9430 26.9095
 98.6707 27.7449
>
 98.5197 25.0289
 98.6707 27.7449
>
 104.2520 23.4076
 98.6707 27.7449
>
 104.1360 26.0881
 98.6707 27.7449
>
 102.1440 24.7002
 98.6707 27.7449
>
 98.6707 27.7449
 99.2454 24.0357
>
 98.6707 27.7449
 101.6780 27.4669
>
 98.6707 27.7449
 103.7180 27.3221
>
 98.6707 27.7449
 99.6984 27.8232
>
 100.1510 26.5490
 106.6640 26.4590
>
 101.1990 26.5871
 106.6640 26.4590
>
 104.7360 28.6360
 106.6640 26.4590
>
 100.7350 23.5019
 106.6640 26.4590
>
 102.7470 25.1483
 106.6640 26.4590
>
 99.9206 22.5524
 106.6640 26.4590
>
 103.5700 28.2722
 106.6640 26.4590
>
 100.0690 23.8785
 106.6640 26.4590
>
 100.2320 26.8956
 106.6640 26.4590
>
 104.7700 26.6500
 106.6640 26.4590
>
 102.4500 25.5408
 106.6640 26.4590
>
 98.8518 25.8317
 106.6640 26.4590
>
 98.5925 24.4245
 106.6640 26.4590
>
 99.5796 22.3365
 106.6640 26.4590
>
 102.5420 27.3839
 106.6640 26.4590
>
 101.7430 26.5033
 106.6640 26.4590
>
 98.3345 25.2174
 106.6640 26.4590
>
 101.0140 22.7756
 106.6640 26.4590
>
 98.0709 24.0851
 106.6640 26.4590
>
 99.7917 28.9417
 106.6640 26.4590
>
 98.4848 24.7485
 106.6640 26.4590
>
 102.1440 24.7002
 106.6640 26.4590
>
 100.7680 26.6941
 106.6640 26.4590
>
 101.9780 23.5659
 106.6640 26.4590
>
 99.3717 25.8854
 106.6640 26.4590
>
 101.6780 27.4669
 106.6640 26.4590
>
 99.6984 27.8232
 106.6640 26.4590
>
 100.7380 22.0194
 100.1510 26.5490
>
 102.7600 23.6504
 100.1510 26.5490
>
 102.7470 25.1483
 100.1510 26.5490
>
 100.1510 26.5490
 99.9206 22.5524
>
 100.1510 26.5490
 100.0690 23.8785
>
 100.1510 26.5490
 99.5796 22.3365
>
 103.3880 24.4058
 100.1510 26.5490
>
 104.7020 23.1284
 100.1510 26.5490
>
 100.1510 26.5490
 101.7430 26.5033
>
 98.0709 24.0851
 100.1510 26.5490
>
 104.2520 23.4076
 100.1510 26.5490
>
 99.7917 28.9417
 100.1510 26.5490
>
 100.1510 26.5490
 104.1360 26.0881
>
 100.1510 26.5490
 99.2454 24.0357
>
 100.1510 26.5490
 101.9780 23.5659
>
 100.7350 23.5019
 101.1990 26.5871
>
 101.1990 26.5871
 100.7380 22.0194
>
 101.1990 26.5871
 100.0690 23.8785
>
 104.2910 24.8856
 101.1990 26.5871
>
 102.4500 25.5408
 101.1990 26.5871
>
 101.1990 26.5871
 99.5796 22.3365
>
 101.1990 26.5871
 101.5280 21.4259
>
 104.1360 26.0881
 101.1990 26.5871
>
 100.1470 24.4348
 101.1990 26.5871
>
 104.7360 28.6360
 103.2230 22.7825
>
 104.7360 28.6360
 102.7600 23.6504
>
 100.2320 26.8956
 104.7360 28.6360
>
 99.5796 22.3365
 104.7360 28.6360
>
 104.7020 23.1284
 104.7360 28.6360
>
 104.7360 28.6360
 104.1360 26.0881
>
 104.7360 28.6360
 102.1440 24.7002
>
 100.7350 23.5019
 102.7600 23.6504
>
 103.5700 28.2722
 100.7350 23.5019
>
 100.2320 26.8956
 100.7350 23.5019
>
 101.5280 21.4259
 100.7350 23.5019
>
 102.5420 27.3839
 100.7350 23.5019
>
 102.9430 26.9095
 100.7350 23.5019
>
 100.7350 23.5019
 102.7880 24.1128
>
 104.2520 23.4076
 100.7350 23.5019
>
 99.7917 28.9417
 100.7350 23.5019
>
 100.7350 23.5019
 104.2310 28.1117
>
 100.7350 23.5019
 101.9780 23.5659
>
 101.8610 25.6894
 100.7350 23.5019
>
 101.6780 27.4669
 100.7350 23.5019
>
 102.7470 25.1483
 100.7380 22.0194
>
 100.8620 27.7143
 100.7380 22.0194
>
 100.7380 22.0194
 100.0690 23.8785
>
 100.2320 26.8956
 100.7380 22.0194
>
 102.4500 25.5408
 100.7380 22.0194
>
 98.8518 25.8317
 100.7380 22.0194
>
 100.7380 22.0194
 103.5750 25.4273
>
 100.7380 22.0194
 98.5925 24.4245
>
 103.3880 24.4058
 100.7380 22.0194
>
 102.5420 27.3839
 100.7380 22.0194
>
 101.7430 26.5033
 100.7380 22.0194
>
 100.2540 25.6093
 100.7380 22.0194
>
 98.0709 24.0851
 100.7380 22.0194
>
 99.7917 28.9417
 100.7380 22.0194
>
 100.7380 22.0194
 104.1360 26.0881
>
 104.2310 28.1117
 100.7380 22.0194
>
 102.1440 24.7002
 100.7380 22.0194
>
 100.7380 22.0194
 99.2454 24.0357
>
 100.7680 26.6941
 100.7380 22.0194
>
 101.8610 25.6894
 100.7380 22.0194
>
 101.6780 27.4669
 100.7380 22.0194
>
 103.7180 27.3221
 100.7380 22.0194
>
 103.2230 22.7825
 102.7470 25.1483
>
 99.9206 22.5524
 103.2230 22.7825
>
 100.0690 23.8785
 103.2230 22.7825
>
 103.2230 22.7825
 100.2320 26.8956
>
 104.2910 24.8856
 103.2230 22.7825
>
 104.7700 26.6500
 103.2230 22.7825
>
 98.5925 24.4245
 103.2230 22.7825
>
 99.5796 22.3365
 103.2230 22.7825
>
 101.5280 21.4259
 103.2230 22.7825
>
 103.2230 22.7825
 104.7020 23.1284
>
 102.5420 27.3839
 103.2230 22.7825
>
 101.7430 26.5033
 103.2230 22.7825
>
 101.0140 22.7756
 103.2230 22.7825
>
 98.5197 25.0289
 103.2230 22.7825
>
 98.4848 24.7485
 103.2230 22.7825
>
 104.1360 26.0881
 103.2230 22.7825
>
 104.2310 28.1117
 103.2230 22.7825
>
 102.1440 24.7002
 103.2230 22.7825
>
 99.2454 24.0357
 103.2230 22.7825
>
 100.7680 26.6941
 103.2230 22.7825
>
 99.3717 25.8854
 103.2230 22.7825
>
 100.1470 24.4348
 103.2230 22.7825
>
 103.2230 22.7825
 99.6984 27.8232
>
 104.5160 28.1789
 102.7600 23.6504
>
 103.5700 28.2722
 102.7600 23.6504
>
 100.2320 26.8956
 102.7600 23.6504
>
 102.4500 25.5408
 102.7600 23.6504
>
 98.8518 25.8317
 102.7600 23.6504
>
 103.5750 25.4273
 102.7600 23.6504
>
 102.9430 26.9095
 102.7600 23.6504
>
 98.5197 25.0289
 102.7600 23.6504
>
 100.2540 25.6093
 102.7600 23.6504
>
 104.2310 28.1117
 102.7600 23.6504
>
 99.3717 25.8854
 102.7600 23.6504
>
 103.7180 27.3221
 102.7600 23.6504
>
 104.7020 23.1284
 104.5160 28.1789
>
 102.1440 24.7002
 104.5160 28.1789
>
 100.2320 26.8956
 102.7470 25.1483
>
 103.3880 24.4058
 102.7470 25.1483
>
 102.7470 25.1483
 101.5280 21.4259
>
 102.9430 26.9095
 102.7470 25.1483
>
 98.5197 25.0289
 102.7470 25.1483
>
 104.2520 23.4076
 102.7470 25.1483
>
 99.7917 28.9417
 102.7470 25.1483
>
 104.2310 28.1117
 102.7470 25.1483
>
 99.2454 24.0357
 102.7470 25.1483
>
 100.7680 26.6941
 102.7470 25.1483
>
 102.7470 25.1483
 101.9780 23.5659
>
 99.3717 25.8854
 102.7470 25.1483
>
 103.7180 27.3221
 102.7470 25.1483
>
 99.6984 27.8232
 102.7470 25.1483
>
 100.2320 26.8956
 99.9206 22.5524
>
 99.9206 22.5524
 104.2910 24.8856
>
 99.9206 22.5524
 104.7020 23.1284
>
 102.5420 27.3839
 99.9206 22.5524
>
 101.7430 26.5033
 99.9206 22.5524
>
 99.9206 22.5524
 101.0140 22.7756
>
 100.2540 25.6093
 99.9206 22.5524
>
 99.9206 22.5524
 104.2520 23.4076
>
 99.7917 28.9417
 99.9206 22.5524
>
 104.2310 28.1117
 99.9206 22.5524
>
 100.7680 26.6941
 99.9206 22.5524
>
 99.3717 25.8854
 99.9206 22.5524
>
 100.1470 24.4348
 99.9206 22.5524
>
 99.6984 27.8232
 99.9206 22.5524
>
 99.5796 22.3365
 103.5700 28.2722
>
 103.5700 28.2722
 101.5280 21.4259
>
 103.5700 28.2722
 102.7880 24.1128
>
 100.2540 25.6093
 103.5700 28.2722
>
 98.0709 24.0851
 103.5700 28.2722
>
 99.7917 28.9417
 103.5700 28.2722
>
 103.5700 28.2722
 101.9780 23.5659
>
 100.1470 24.4348
 103.5700 28.2722
>
 100.8620 27.7143
 99.5796 22.3365
>
 100.8620 27.7143
 101.5280 21.4259
>
 100.8620 27.7143
 104.7020 23.1284
>
 100.8620 27.7143
 101.0140 22.7756
>
 100.8620 27.7143
 100.7680 26.6941
>
 100.2320 26.8956
 100.0690 23.8785
>
 100.0690 23.8785
 104.2910 24.8856
>
 98.8518 25.8317
 100.0690 23.8785
>
 98.5925 24.4245
 100.0690 23.8785
>
 100.0690 23.8785
 99.5796 22.3365
>
 103.3880 24.4058
 100.0690 23.8785
>
 101.5280 21.4259
 100.0690 23.8785
>
 102.5420 27.3839
 100.0690 23.8785
>
 100.0690 23.8785
 102.7880 24.1128
>
 100.2540 25.6093
 100.0690 23.8785
>
 99.7917 28.9417
 100.0690 23.8785
>
 100.7680 26.6941
 100.0690 23.8785
>
 101.6780 27.4669
 100.0690 23.8785
>
 100.2320 26.8956
 104.7700 26.6500
>
 103.5750 25.4273
 100.2320 26.8956
>
 100.2320 26.8956
 99.5796 22.3365
>
 103.3880 24.4058
 100.2320 26.8956
>
 104.7020 23.1284
 100.2320 26.8956
>
 104.2520 23.4076
 100.2320 26.8956
>
 102.1440 24.7002
 100.2320 26.8956
>
 100.2320 26.8956
 99.2454 24.0357
>
 100.2320 26.8956
 100.1470 24.4348
>
 98.8518 25.8317
 104.2910 24.8856
>
 99.5796 22.3365
 104.2910 24.8856
>
 102.9430 26.9095
 104.2910 24.8856
>
 98.5197 25.0289
 104.2910 24.8856
>
 98.0709 24.0851
 104.2910 24.8856
>
 104.2520 23.4076
 104.2910 24.8856
>
 104.2310 28.1117
 104.2910 24.8856
>
 99.2454 24.0357
 104.2910 24.8856
>
 100.1470 24.4348
 104.2910 24.8856
>
 104.2910 24.8856
 103.7180 27.3221
>
 99.6984 27.8232
 104.2910 24.8856
>
 98.8518 25.8317
 104.7700 26.6500
>
 102.5420 27.3839
 104.7700 26.6500
>
 101.7430 26.5033
 104.7700 26.6500
>
 104.7700 26.6500
 104.2520 23.4076
>
 99.2454 24.0357
 104.7700 26.6500
>
 100.7680 26.6941
 104.7700 26.6500
>
 98.8518 25.8317
 102.4500 25.5408
>
 99.5796 22.3365
 102.4500 25.5408
>
 102.4500 25.5408
 101.5280 21.4259
>
 102.4500 25.5408
 101.0140 22.7756
>
 100.2540 25.6093
 102.4500 25.5408
>
 104.2310 28.1117
 102.4500 25.5408
>
 100.7680 26.6941
 102.4500 25.5408
>
 102.4500 25.5408
 101.9780 23.5659
>
 99.3717 25.8854
 102.4500 25.5408
>
 98.8518 25.8317
 103.5750 25.4273
>
 98.8518 25.8317
 98.5925 24.4245
>
 101.5280 21.4259
 98.8518 25.8317
>
 98.8518 25.8317
 104.7020 23.1284
>
 101.0140 22.7756
 98.8518 25.8317
>
 99.7917 28.9417
 98.8518 25.8317
>
 98.8518 25.8317
 101.8610 25.6894
>
 98.5925 24.4245
 103.5750 25.4273
>
 103.5750 25.4273
 103.3880 24.4058
>
 103.5750 25.4273
 101.5280 21.4259
>
 103.5750 25.4273
 101.7430 26.5033
>
 98.3345 25.2174
 103.5750 25.4273
>
 102.7880 24.1128
 103.5750 25.4273
>
 100.2540 25.6093
 103.5750 25.4273
>
 98.0709 24.0851
 103.5750 25.4273
>
 99.3717 25.8854
 103.5750 25.4273
>
 99.6984 27.8232
 103.5750 25.4273
>
 98.5925 24.4245
 103.3880 24.4058
>
 98.5925 24.4245
 104.1360 26.0881
>
 98.5925 24.4245
 102.1440 24.7002
>
 98.5925 24.4245
 100.1470 24.4348
>
 99.6984 27.8232
 98.5925 24.4245
>
 99.5796 22.3365
 103.3880 24.4058
>
 101.5280 21.4259
 99.5796 22.3365
>
 104.7020 23.1284
 99.5796 22.3365
>
 102.5420 27.3839
 99.5796 22.3365
>
 101.7430 26.5033
 99.5796 22.3365
>
 99.5796 22.3365
 98.5197 25.0289
>
 100.2540 25.6093
 99.5796 22.3365
>
 99.5796 22.3365
 104.2520 23.4076
>
 99.7917 28.9417
 99.5796 22.3365
>
 100.7680 26.6941
 99.5796 22.3365
>
 100.1470 24.4348
 99.5796 22.3365
>
 101.6780 27.4669
 99.5796 22.3365
>
 103.7180 27.3221
 99.5796 22.3365
>
 99.6984 27.8232
 99.5796 22.3365
>
 101.5280 21.4259
 103.3880 24.4058
>
 102.9430 26.9095
 103.3880 24.4058
>
 98.0709 24.0851
 103.3880 24.4058
>
 104.1360 26.0881
 103.3880 24.4058
>
 99.2454 24.0357
 103.3880 24.4058
>
 101.8610 25.6894
 103.3880 24.4058
>
 100.1470 24.4348
 103.3880 24.4058
>
 103.7180 27.3221
 103.3880 24.4058
>
 99.6984 27.8232
 103.3880 24.4058
>
 102.5420 27.3839
 101.5280 21.4259
>
 101.7430 26.5033
 101.5280 21.4259
>
 102.9430 26.9095
 101.5280 21.4259
>
 101.5280 21.4259
 101.0140 22.7756
>
 102.7880 24.1128
 101.5280 21.4259
>
 104.2520 23.4076
 101.5280 21.4259
>
 104.2310 28.1117
 101.5280 21.4259
>
 102.1440 24.7002
 101.5280 21.4259
>
 100.7680 26.6941
 101.5280 21.4259
>
 101.9780 23.5659
 101.5280 21.4259
>
 100.1470 24.4348
 101.5280 21.4259
>
 101.6780 27.4669
 101.5280 21.4259
>
 103.7180 27.3221
 101.5280 21.4259
>
 101.0140 22.7756
 104.7020 23.1284
>
 98.5197 25.0289
 104.7020 23.1284
>
 102.7880 24.1128
 104.7020 23.1284
>
 100.2540 25.6093
 104.7020 23.1284
>
 104.7020 23.1284
 104.1360 26.0881
>
 100.7680 26.6941
 104.7020 23.1284
>
 99.3717 25.8854
 104.7020 23.1284
>
 101.8610 25.6894
 104.7020 23.1284
>
 100.1470 24.4348
 104.7020 23.1284
>
 104.7020 23.1284
 103.7180 27.3221
>
 102.5420 27.3839
 101.0140 22.7756
>
 98.0709 24.0851
 102.5420 27.3839
>
 102.1440 24.7002
 102.5420 27.3839
>
 102.5420 27.3839
 101.9780 23.5659
>
 102.5420 27.3839
 103.7180 27.3221
>
 99.6984 27.8232
 102.5420 27.3839
>
 101.7430 26.5033
 101.0140 22.7756
>
 99.7917 28.9417
 101.7430 26.5033
>
 101.0140 22.7756
 102.9430 26.9095
>
 102.7880 24.1128
 102.9430 26.9095
>
 99.6984 27.8232
 102.9430 26.9095
>
 98.3345 25.2174
 104.1360 26.0881
>
 98.0709 24.0851
 101.0140 22.7756
>
 101.0140 22.7756
 104.2520 23.4076
>
 104.1360 26.0881
 101.0140 22.7756
>
 104.2310 28.1117
 101.0140 22.7756
>
 102.1440 24.7002
 101.0140 22.7756
>
 100.7680 26.6941
 101.0140 22.7756
>
 99.3717 25.8854
 101.0140 22.7756
>
 103.7180 27.3221
 101.0140 22.7756
>
 99.7917 28.9417
 98.5197 25.0289
>
 98.5197 25.0289
 104.1360 26.0881
>
 98.5197 25.0289
 102.1440 24.7002
>
 103.7180 27.3221
 98.5197 25.0289
>
 104.1360 26.0881
 102.7880 24.1128
>
 104.2310 28.1117
 102.7880 24.1128
>
 99.2454 24.0357
 102.7880 24.1128
>
 100.7680 26.6941
 102.7880 24.1128
>
 99.3717 25.8854
 102.7880 24.1128
>
 99.6984 27.8232
 102.7880 24.1128
>
 104.2520 23.4076
 100.2540 25.6093
>
 99.7917 28.9417
 100.2540 25.6093
>
 100.2540 25.6093
 104.1360 26.0881
>
 100.2540 25.6093
 100.1470 24.4348
>
 98.0709 24.0851
 104.2520 23.4076
>
 99.7917 28.9417
 98.0709 24.0851
>
 98.0709 24.0851
 102.1440 24.7002
>
 98.0709 24.0851
 100.1470 24.4348
>
 99.7917 28.9417
 104.2520 23.4076
>
 104.2310 28.1117
 104.2520 23.4076
>
 100.7680 26.6941
 104.2520 23.4076
>
 99.3717 25.8854
 104.2520 23.4076
>
 100.1470 24.4348
 104.2520 23.4076
>
 104.2520 23.4076
 101.6780 27.4669
>
 104.2310 28.1117
 99.7917 28.9417
>
 99.7917 28.9417
 102.1440 24.7002
>
 99.7917 28.9417
 99.2454 24.0357
>
 101.9780 23.5659
 99.7917 28.9417
>
 99.7917 28.9417
 99.3717 25.8854
>
 100.1470 24.4348
 99.7917 28.9417
>
 101.6780 27.4669
 99.7917 28.9417
>
 98.4848 24.7485
 104.1360 26.0881
>
 104.2310 28.1117
 104.1360 26.0881
>
 99.2454 24.0357
 104.1360 26.0881
>
 101.9780 23.5659
 104.1360 26.0881
>
 100.1470 24.4348
 104.1360 26.0881
>
 99.6984 27.8232
 104.1360 26.0881
>
 102.1440 24.7002
 104.2310 28.1117
>
 104.2310 28.1117
 101.9780 23.5659
>
 101.6780 27.4669
 104.2310 28.1117
>
 102.1440 24.7002
 101.9780 23.5659
>
 103.7180 27.3221
 102.1440 24.7002
>
 99.6984 27.8232
 102.1440 24.7002
>
 99.3717 25.8854
 99.2454 24.0357
>
 99.6984 27.8232
 99.2454 24.0357
>
 100.7680 26.6941
 100.1470 24.4348
>
 100.7680 26.6941
 103.7180 27.3221
>
 101.6780 27.4669
 101.9780 23.5659
>
 103.7180 27.3221
 101.9780 23.5659
>
 99.3717 25.8854
 101.8610 25.6894
>
 99.3717 25.8854
 101.6780 27.4669
>
 99.6984 27.8232
 99.3717 25.8854
>
 101.6780 27.4669
 100.1470 24.4348
>
 100.1470 24.4348
 103.7180 27.3221
>
 101.6780 27.4669
 103.7180 27.3221
>
 99.6984 27.8232
 103.7180 27.3221
