10.3774 114.365
11.952 108.4815
12.4726 99.7929
12.74415 102.35265
13.6684 100.60676
14.3152 101.321
14.39476 99.12125
15.2773 105.4695
16.36 112.48
16.5735 100.969
17.1476 104.61220
17.5093 101.624
18.0635 103.146
18.4989 100.229
18.6977 108.812
18.81383 98.94433
19.0291 109.8445
19.3148 97.9632
19.8082 109.432
20.0869 110.599
20.228927 100.373434
21.0306 109.101
21.325247 103.90671
21.39 110.38
21.4259 101.528
21.71 112.8
21.75 111.6
22.2764 108.636
22.2776 114.1415
22.3365 99.5796
22.6351 110.173
22.7756 101.014
22.7825 103.223
23.18 112.54
23.24 114.42
23.3277 107.578
23.4076 104.252
23.5659 101.978
23.6249 105.62
23.6364 110.444
24.36 114.46
24.4245 98.5925
24.4348 100.147
24.6729 108.021
24.8 112.39
24.8856 104.291
24.9823 107.168
25.1233 102.74
21.7 107.5
21.7 109.2
22.1 106.8
22.4 107.4
22.4 109.3
22.8 107.2
22.9 108.2
23.1 109.6
23.3 107.6
23.5 111.2
23.6 110.4
23.7 108.0
23.9 106.6
23.9 108.6
18.2 109.5
18.5 110.0
18.8 109.5
18.8 110.4
19.1 108.7
19.2 109.2
19.2 110.5
19.4 110.3
19.5 109.6
19.6 110.0
19.7 110.3
19.7 110.8
19.9 110.2
19.9 110.3
19.9 110.3
19.9 110.6
20 110.9
20.6 110.2
18.650299 105.762901
19.048599 104.876801
19.8508 105.781898
20.804899 106.6278
20.8421 105.327599
20.844 104.635498
21.2901 106.2276
21.334801 107.389297
21.3897 103.017998
21.466101 104.3787
21.506 104.031
21.5373 106.342796
21.5921 103.418098
21.627199 105.184303
21.852699 106.7491
21.884899 105.772499
22.2526 104.898598
22.3381 103.834999
22.6523 106.194397
22.8358 104.992401
23.1 104.7
23.4 103.2
23.7 102.8
