0.000000 2.000000 4.000000 6.000000 8.000000 10.000000 15.000000 20.000000 25.000000 30.000000 35.000000 40.000000 45.000000 50.000000 55.000000 60.000000 
2.500000 2.500000 2.500000 2.500000 2.500000 2.500000 2.500000 2.500000 2.500000 2.500000 2.500000 2.500000 2.500000 2.500000 2.500000 2.500000 2.500000 2.500000 2.500000 2.500000 2.500000 
2.500000 2.500000 2.500000 2.500000 2.500000 2.500000 2.500000 2.500000 2.500000 2.500370 2.500410 2.499700 2.499640 2.499730 2.500000 2.500000 2.500000 2.500000 2.500000 2.500000 2.500000 
2.500000 2.500000 2.499320 2.498930 2.499040 2.499770 2.501250 2.504640 2.517840 2.577340 2.530350 2.436050 2.511680 2.520110 2.502520 2.500660 2.500150 2.500050 2.500050 2.500000 2.500000 
2.500000 2.500000 2.498330 2.497290 2.497360 2.498420 2.497750 2.481380 2.542220 2.786440 2.509270 2.188430 2.618160 2.551920 2.501560 2.500430 2.500060 2.500020 2.500050 2.500000 2.500000 
2.500000 2.500000 2.496570 2.494150 2.493870 2.490670 2.464990 2.452500 2.590410 2.508990 2.371170 2.435050 2.615880 2.460140 2.490820 2.498520 2.499630 2.499970 2.500070 2.500000 2.500000 
2.500000 2.500000 2.493020 2.486660 2.475330 2.444130 2.510320 2.769670 2.555500 2.000000 2.587940 2.919610 2.485360 2.376630 2.477950 2.497690 2.499760 2.500130 2.500150 2.500000 2.500000 
2.500000 2.499990 2.483070 2.439170 2.392150 2.527950 2.692310 2.585030 2.384330 2.370300 2.716190 2.504990 2.485080 2.431180 2.479680 2.501360 2.501330 2.500680 2.500290 2.500000 2.500000 
2.500000 2.499250 2.442080 2.289140 2.512210 2.914380 2.486030 2.000000 2.539730 3.190230 2.381060 2.000000 2.499130 2.720560 2.592530 2.511790 2.503320 2.501230 2.500430 2.500000 2.500000 
2.500000 2.499580 2.488080 2.505270 2.710120 2.548750 2.351740 2.431180 2.712590 2.529770 2.423280 2.407990 2.630070 2.598350 2.539880 2.506230 2.501860 2.500860 2.500380 2.500000 2.500000 
2.500000 2.500410 2.542860 2.782680 2.542280 2.000000 2.507290 3.220080 2.416130 2.000000 2.591390 3.107550 2.457060 2.097820 2.410570 2.494170 2.499230 2.500220 2.500230 2.500000 2.500000 
2.500000 2.500180 2.498910 2.466580 2.449560 2.424200 2.678600 2.542060 2.419470 2.441600 2.676030 2.554960 2.442770 2.436620 2.490600 2.501510 2.500520 2.500410 2.500210 2.500000 2.500000 
2.500000 2.499960 2.460690 2.225060 2.443850 3.176530 2.456980 2.000000 2.546720 3.209020 2.377830 2.000000 2.597100 2.867360 2.574950 2.510280 2.502380 2.500690 2.500190 2.500000 2.500000 
2.500000 2.499830 2.469110 2.438690 2.686690 2.504260 2.395360 2.460220 2.683500 2.519130 2.465470 2.474010 2.524760 2.559560 2.527320 2.503750 2.500400 2.499880 2.499870 2.500000 2.500000 
2.500000 2.500660 2.546140 2.779470 2.578310 2.000000 2.509960 3.208870 2.396720 2.000000 2.572170 3.013980 2.462390 2.234050 2.424070 2.490800 2.496750 2.498600 2.499410 2.500000 2.500000 
2.500000 2.500020 2.513580 2.504780 2.322610 2.451440 2.744600 2.475200 2.419350 2.546760 2.514500 2.570620 2.604490 2.481040 2.471120 2.491050 2.495850 2.497990 2.499160 2.500000 2.500000 
2.500000 2.499800 2.488550 2.405040 2.494570 2.860230 2.453450 2.000000 2.575750 2.900100 2.475450 2.226200 2.479850 2.505730 2.492190 2.494020 2.496430 2.498050 2.499130 2.500000 2.500000 
2.500000 2.500000 2.499620 2.499610 2.554170 2.616840 2.466010 2.377910 2.547150 2.584500 2.503500 2.433190 2.479060 2.492640 2.494140 2.495820 2.497320 2.498410 2.499260 2.500000 2.500000 
2.500000 2.500000 2.500980 2.503340 2.510200 2.513690 2.497650 2.487580 2.502650 2.510090 2.501710 2.492400 2.493140 2.495050 2.496310 2.497340 2.498220 2.498900 2.499450 2.500000 2.500000 
2.500000 2.500000 2.500660 2.501790 2.503500 2.503580 2.499790 2.497370 2.500320 2.502380 2.500450 2.497750 2.497340 2.497760 2.498250 2.498710 2.499130 2.499420 2.499750 2.500000 2.500000 
2.500000 2.500000 2.500000 2.500000 2.500000 2.500000 2.500000 2.500000 2.500000 2.500000 2.500000 2.500000 2.500000 2.500000 2.500000 2.500000 2.500000 2.500000 2.500000 2.500000 2.500000 
2.500000 2.500000 2.500000 2.500000 2.500000 2.500000 2.500000 2.500000 2.500000 2.500000 2.500000 2.500000 2.500000 2.500000 2.500000 2.500000 2.500000 2.500000 2.500000 2.500000 2.500000 
2.540000 2.540000 2.540000 2.540000 2.540000 2.540000 2.540000 2.540000 2.540000 2.540000 2.540000 2.540000 2.540000 2.540000 2.540000 2.540000 2.540000 2.540000 2.540000 2.540000 2.540000 
2.540000 2.540000 2.539320 2.538930 2.539040 2.539770 2.541250 2.544850 2.555280 2.572310 2.548740 2.517439 2.543520 2.547709 2.542490 2.540660 2.540150 2.540050 2.540050 2.540000 2.540000 
2.540000 2.539320 2.531760 2.528420 2.531859 2.542300 2.558999 2.583380 2.619699 2.646294 2.570940 2.493469 2.551360 2.566317 2.553379 2.545350 2.541890 2.540610 2.540200 2.540050 2.540000 
2.540000 2.538330 2.522280 2.514988 2.521575 2.540564 2.566502 2.597678 2.652194 2.693156 2.548937 2.431018 2.581943 2.580717 2.554479 2.544870 2.541700 2.540680 2.540300 2.540050 2.540000 
2.540000 2.536570 2.509347 2.496742 2.507919 2.537690 2.570871 2.600831 2.605870 2.512392 2.487993 2.533586 2.602580 2.542048 2.535019 2.538480 2.540500 2.540960 2.540650 2.540070 2.540000 
2.540000 2.533019 2.491970 2.472088 2.493900 2.549417 2.618631 2.666427 2.520359 2.274353 2.537703 2.692913 2.584656 2.503088 2.523229 2.539140 2.543490 2.543280 2.541830 2.540150 2.540000 
2.540000 2.525950 2.472246 2.441972 2.495570 2.617321 2.641754 2.536809 2.479285 2.478922 2.582521 2.524474 2.533239 2.537000 2.555670 2.558788 2.553510 2.548000 2.543730 2.540290 2.540000 
2.540000 2.516359 2.468610 2.441335 2.580700 2.709649 2.511301 2.259419 2.536813 2.747298 2.485853 2.279490 2.503219 2.641831 2.626880 2.584187 2.562360 2.551280 2.544910 2.540420 2.540000 
2.540000 2.538940 2.540020 2.575290 2.635023 2.539589 2.468173 2.499059 2.586285 2.514745 2.482078 2.491376 2.576834 2.579543 2.574761 2.562189 2.553900 2.548170 2.543880 2.540380 2.540000 
2.540000 2.559580 2.590399 2.655851 2.536060 2.285703 2.531371 2.762841 2.478626 2.191503 2.533913 2.747349 2.548269 2.382440 2.465367 2.522830 2.539610 2.542640 2.541860 2.540230 2.540000 
2.540000 2.538060 2.533420 2.523243 2.520157 2.515694 2.580441 2.520481 2.476671 2.483713 2.580522 2.549881 2.518887 2.508024 2.529110 2.540510 2.542020 2.541370 2.540650 2.540210 2.540000 
2.540000 2.519449 2.486747 2.433989 2.574124 2.766453 2.488879 2.190060 2.520140 2.758150 2.488032 2.260148 2.538592 2.694131 2.620126 2.566819 2.545850 2.539470 2.538790 2.540190 2.540000 
2.540000 2.532230 2.529461 2.541161 2.614231 2.539345 2.481193 2.491880 2.577301 2.533581 2.505439 2.506040 2.561558 2.583835 2.558000 2.536030 2.528910 2.529910 2.534300 2.539870 2.540000 
2.540000 2.560678 2.598810 2.656874 2.529283 2.279284 2.545184 2.769385 2.489893 2.244286 2.536291 2.737385 2.565150 2.418416 2.442785 2.480720 2.501900 2.516540 2.528520 2.539410 2.540000 
2.540000 2.546147 2.569171 2.563648 2.482138 2.498109 2.618240 2.552719 2.499757 2.516336 2.565029 2.605918 2.561001 2.457199 2.439440 2.463720 2.488240 2.508170 2.524610 2.539160 2.540000 
2.540000 2.535519 2.543744 2.534868 2.587262 2.695896 2.527531 2.327477 2.547736 2.708831 2.560204 2.425805 2.463003 2.456430 2.452318 2.467501 2.487780 2.506880 2.523760 2.539130 2.540000 
2.540000 2.539809 2.552740 2.573046 2.628336 2.660672 2.526331 2.425864 2.555252 2.635751 2.551318 2.453236 2.452980 2.459520 2.466252 2.479350 2.495300 2.511070 2.525610 2.539260 2.540000 
2.540000 2.540990 2.554600 2.573520 2.599027 2.600259 2.541785 2.502670 2.545090 2.574800 2.540900 2.493510 2.480030 2.481020 2.487040 2.496560 2.507660 2.518810 2.529370 2.539450 2.540000 
2.540000 2.540660 2.549110 2.559350 2.569070 2.566350 2.544120 2.529730 2.541670 2.550720 2.537980 2.518370 2.509580 2.508850 2.511950 2.516970 2.522790 2.528680 2.534270 2.539750 2.540000 
2.540000 2.540000 2.540660 2.541790 2.543500 2.543580 2.539790 2.537370 2.540320 2.542380 2.540450 2.537750 2.537340 2.537760 2.538250 2.538710 2.539130 2.539420 2.539750 2.540000 2.540000 
2.540000 2.540000 2.540000 2.540000 2.540000 2.540000 2.540000 2.540000 2.540000 2.540000 2.540000 2.540000 2.540000 2.540000 2.540000 2.540000 2.540000 2.540000 2.540000 2.540000 2.540000 
2.580000 2.580000 2.580000 2.580000 2.580000 2.580000 2.580000 2.580000 2.580000 2.580000 2.580000 2.580000 2.580000 2.580000 2.580000 2.580000 2.580000 2.580000 2.580000 2.580000 2.580000 
2.580000 2.580000 2.578710 2.577970 2.578269 2.579830 2.582990 2.589630 2.604810 2.624340 2.592700 2.554709 2.585330 2.590249 2.583710 2.581080 2.580260 2.580050 2.580020 2.580000 2.580000 
2.580000 2.578710 2.564570 2.558260 2.564500 2.583820 2.614270 2.654929 2.701780 2.717227 2.625100 2.542690 2.595689 2.612728 2.599069 2.587920 2.582600 2.580670 2.580130 2.580020 2.580000 
2.580000 2.576920 2.547490 2.534379 2.546940 2.583119 2.633070 2.688754 2.744439 2.746223 2.605638 2.510678 2.623450 2.627047 2.600759 2.587070 2.581970 2.580490 2.580140 2.580000 2.580000 
2.580000 2.573860 2.525768 2.504990 2.527741 2.585140 2.649918 2.695132 2.674308 2.560320 2.544600 2.599381 2.653008 2.598009 2.579710 2.578930 2.580300 2.580860 2.580640 2.580040 2.580000 
2.580000 2.568290 2.499970 2.472500 2.516842 2.611760 2.697160 2.714498 2.561942 2.359920 2.572846 2.717550 2.650558 2.569808 2.571389 2.582290 2.585720 2.584850 2.582630 2.580190 2.580000 
2.580000 2.558679 2.478298 2.449750 2.538202 2.680783 2.692754 2.576770 2.531206 2.541795 2.616688 2.572069 2.587740 2.602349 2.615570 2.611939 2.601790 2.592730 2.585900 2.580460 2.580000 
2.580000 2.549100 2.490502 2.483927 2.630016 2.734483 2.558798 2.360607 2.591118 2.757342 2.549285 2.365207 2.540959 2.680550 2.684526 2.643668 2.614729 2.597970 2.587910 2.580770 2.580000 
2.580000 2.580620 2.581210 2.624452 2.673160 2.581938 2.520898 2.562159 2.632510 2.564537 2.536510 2.546384 2.614189 2.623464 2.624520 2.612939 2.601729 2.592980 2.586210 2.580610 2.580000 
2.580000 2.605150 2.634459 2.681015 2.578370 2.388230 2.586545 2.773934 2.540529 2.299706 2.577602 2.763915 2.614297 2.460494 2.507940 2.560520 2.580190 2.584080 2.582820 2.580330 2.580000 
2.580000 2.576420 2.572190 2.569079 2.577529 2.582747 2.625580 2.572179 2.532696 2.543358 2.626967 2.604102 2.574909 2.557059 2.570569 2.580850 2.582400 2.581440 2.580650 2.580360 2.580000 
2.580000 2.553659 2.525618 2.508170 2.651110 2.780977 2.538745 2.295990 2.570932 2.772937 2.556230 2.358689 2.574007 2.717929 2.668699 2.613009 2.586120 2.577470 2.577270 2.580320 2.580000 
2.580000 2.572319 2.579329 2.604651 2.662188 2.595503 2.537222 2.546221 2.623317 2.592314 2.557866 2.558244 2.616058 2.630840 2.595570 2.567000 2.557860 2.560850 2.569320 2.579760 2.580000 
2.580000 2.607199 2.651327 2.688669 2.563546 2.373130 2.601818 2.782536 2.554675 2.347878 2.580230 2.761357 2.623729 2.462259 2.451007 2.483690 2.513210 2.537730 2.559150 2.578940 2.580000 
2.580000 2.589956 2.624359 2.623137 2.547430 2.546610 2.655510 2.615428 2.554347 2.560210 2.623350 2.657279 2.577629 2.448030 2.418950 2.449620 2.488450 2.522810 2.552140 2.578480 2.580000 
2.580000 2.576299 2.598735 2.610512 2.663314 2.735500 2.583958 2.404831 2.584903 2.738846 2.623128 2.479089 2.459969 2.431520 2.426420 2.451600 2.486430 2.520260 2.550590 2.578430 2.580000 
2.580000 2.580770 2.606360 2.642988 2.708395 2.730063 2.576156 2.458047 2.592263 2.692101 2.599200 2.470149 2.440860 2.438670 2.448481 2.471080 2.499300 2.527600 2.553910 2.578660 2.580000 
2.580000 2.581990 2.606420 2.638299 2.674496 2.670777 2.588176 2.532150 2.585910 2.627400 2.579580 2.506530 2.477570 2.475140 2.484700 2.501450 2.521370 2.541520 2.560710 2.579030 2.580000 
2.580000 2.581240 2.596130 2.613540 2.628720 2.623100 2.588399 2.565590 2.582290 2.595600 2.575210 2.542760 2.526310 2.524020 2.529240 2.538220 2.548730 2.559360 2.569610 2.579450 2.580000 
2.580000 2.580000 2.581240 2.583260 2.586080 2.586050 2.579760 2.575780 2.580490 2.583990 2.580840 2.576250 2.575260 2.575890 2.576790 2.577660 2.578400 2.578990 2.579450 2.580000 2.580000 
2.580000 2.580000 2.580000 2.580000 2.580000 2.580000 2.580000 2.580000 2.580000 2.580000 2.580000 2.580000 2.580000 2.580000 2.580000 2.580000 2.580000 2.580000 2.580000 2.580000 2.580000 
2.620000 2.620000 2.620000 2.620000 2.620000 2.620000 2.620000 2.620000 2.620000 2.620000 2.620000 2.620000 2.620000 2.620000 2.620000 2.620000 2.620000 2.620000 2.620000 2.620000 2.620000 
2.620000 2.620000 2.618180 2.617100 2.617449 2.619550 2.623930 2.632880 2.651880 2.674720 2.635300 2.589789 2.626150 2.632219 2.624460 2.621260 2.620280 2.620040 2.619990 2.620000 2.620000 
2.620000 2.618180 2.597430 2.587340 2.594500 2.619600 2.659950 2.712959 2.770229 2.784188 2.672770 2.576600 2.635790 2.656299 2.641059 2.627970 2.621800 2.619850 2.619660 2.619990 2.620000 
2.620000 2.615660 2.573080 2.552870 2.567750 2.615380 2.682661 2.756889 2.823450 2.817128 2.653190 2.548723 2.669869 2.672709 2.641819 2.625330 2.619690 2.618700 2.619190 2.620000 2.620000 
2.620000 2.611530 2.543398 2.512680 2.541081 2.617270 2.705069 2.766779 2.742298 2.607628 2.590660 2.658091 2.711789 2.643649 2.617230 2.614450 2.616520 2.618400 2.619410 2.619940 2.620000 
2.620000 2.604300 2.509830 2.471211 2.527912 2.650900 2.760450 2.782229 2.611215 2.392160 2.633866 2.795320 2.715265 2.615249 2.608609 2.618390 2.622730 2.623010 2.621760 2.620130 2.620000 
2.620000 2.592259 2.483848 2.446191 2.556170 2.731774 2.754239 2.626190 2.584049 2.613335 2.697199 2.636241 2.642061 2.651889 2.661260 2.654570 2.642690 2.632880 2.625900 2.620540 2.620000 
2.620000 2.580690 2.501963 2.492885 2.665338 2.791137 2.604315 2.396740 2.668539 2.862901 2.626818 2.404739 2.584924 2.736240 2.739659 2.692349 2.658740 2.639640 2.628530 2.620920 2.620000 
2.620000 2.619550 2.612941 2.661311 2.720730 2.624949 2.568250 2.636630 2.726080 2.646672 2.606743 2.607731 2.671909 2.674434 2.670550 2.655789 2.643160 2.633710 2.626590 2.620750 2.620000 
2.620000 2.649490 2.678229 2.728796 2.619687 2.420330 2.654977 2.879574 2.621313 2.347258 2.651368 2.853682 2.679397 2.494416 2.536560 2.593710 2.617240 2.622990 2.622520 2.620400 2.620000 
2.620000 2.615210 2.609420 2.610028 2.630480 2.650233 2.706279 2.651540 2.606657 2.621748 2.708919 2.671417 2.626340 2.596800 2.607240 2.618000 2.620390 2.620110 2.619970 2.620450 2.620000 
2.620000 2.588829 2.559079 2.551100 2.726290 2.876168 2.605371 2.337070 2.651722 2.881956 2.627873 2.389100 2.617354 2.775400 2.720220 2.656129 2.624830 2.615180 2.615790 2.620430 2.620000 
2.620000 2.611850 2.622521 2.658541 2.730129 2.660816 2.598243 2.617237 2.709137 2.671343 2.619007 2.609555 2.668099 2.677777 2.632780 2.598770 2.588870 2.593850 2.605590 2.619710 2.620000 
2.620000 2.653200 2.704058 2.744969 2.603975 2.397531 2.667326 2.880509 2.623837 2.384280 2.636040 2.835095 2.673176 2.478330 2.457469 2.494720 2.531960 2.564050 2.592370 2.618640 2.620000 
2.620000 2.632847 2.673989 2.673929 2.587340 2.585618 2.717480 2.681378 2.609076 2.611652 2.679760 2.709230 2.604597 2.447780 2.411950 2.450030 2.499820 2.544670 2.583250 2.618040 2.620000 
2.620000 2.616299 2.645079 2.663750 2.725985 2.803261 2.631359 2.428770 2.632172 2.808399 2.674180 2.497259 2.461029 2.423490 2.418500 2.451460 2.496950 2.541300 2.581230 2.617990 2.620000 
2.620000 2.621270 2.653500 2.700300 2.778898 2.800781 2.617977 2.478490 2.634983 2.752740 2.639850 2.479079 2.436590 2.432610 2.446240 2.476360 2.513630 2.550900 2.585610 2.618270 2.620000 
2.620000 2.622600 2.653230 2.693630 2.738297 2.732198 2.630678 2.562070 2.626450 2.675869 2.614790 2.521510 2.483140 2.480200 2.493520 2.516120 2.542560 2.569210 2.594550 2.618740 2.620000 
2.620000 2.621600 2.640350 2.662500 2.681590 2.674160 2.630540 2.601930 2.622280 2.638080 2.611179 2.569019 2.547600 2.545080 2.552440 2.564630 2.578640 2.592750 2.606290 2.619300 2.620000 
2.620000 2.620000 2.621600 2.624250 2.627890 2.627780 2.619730 2.614670 2.620680 2.625090 2.620990 2.614960 2.613620 2.614530 2.615780 2.616940 2.617930 2.618670 2.619300 2.620000 2.620000 
2.620000 2.620000 2.620000 2.620000 2.620000 2.620000 2.620000 2.620000 2.620000 2.620000 2.620000 2.620000 2.620000 2.620000 2.620000 2.620000 2.620000 2.620000 2.620000 2.620000 2.620000 
2.660000 2.660000 2.660000 2.660000 2.660000 2.660000 2.660000 2.660000 2.660000 2.660000 2.660000 2.660000 2.660000 2.660000 2.660000 2.660000 2.660000 2.660000 2.660000 2.660000 2.660000 
2.660000 2.660000 2.657660 2.656150 2.656250 2.658340 2.663040 2.673260 2.695530 2.721650 2.673890 2.619950 2.664390 2.673440 2.664900 2.661280 2.660200 2.659950 2.659960 2.660000 2.660000 
2.660000 2.657660 2.630290 2.615300 2.620260 2.646290 2.690770 2.751600 2.819539 2.836759 2.703699 2.589420 2.663900 2.693560 2.678790 2.665240 2.659320 2.658090 2.658750 2.659960 2.660000 
2.660000 2.654450 2.598849 2.569160 2.580500 2.630660 2.705420 2.791540 2.873200 2.870130 2.676361 2.551586 2.699669 2.708580 2.675300 2.658480 2.654200 2.655090 2.657400 2.659890 2.660000 
2.660000 2.649280 2.561219 2.516860 2.542291 2.625431 2.725749 2.800920 2.782289 2.637630 2.617900 2.691850 2.754610 2.673390 2.642610 2.642020 2.647800 2.653080 2.656900 2.659790 2.660000 
2.660000 2.640250 2.518950 2.463460 2.521631 2.661951 2.792981 2.828020 2.643957 2.406350 2.686551 2.866120 2.762709 2.637280 2.627950 2.642840 2.652550 2.657020 2.658980 2.659940 2.660000 
2.660000 2.625259 2.485238 2.429410 2.551033 2.757761 2.794870 2.659950 2.621370 2.665652 2.767220 2.689161 2.679501 2.677488 2.685989 2.682510 2.674270 2.667710 2.663430 2.660460 2.660000 
2.660000 2.610719 2.503553 2.480093 2.677129 2.833439 2.633999 2.405800 2.723820 2.956647 2.687196 2.426100 2.620220 2.778699 2.777780 2.726690 2.693080 2.675700 2.666590 2.660860 2.660000 
2.660000 2.655710 2.634690 2.679720 2.748869 2.651481 2.602990 2.687580 2.796880 2.712538 2.661353 2.654320 2.718330 2.708807 2.700201 2.686420 2.676550 2.669790 2.664800 2.660690 2.660000 
2.660000 2.692920 2.718360 2.771728 2.645611 2.421743 2.702166 2.969238 2.679695 2.370880 2.707084 2.928116 2.718460 2.499969 2.548251 2.617900 2.649090 2.658980 2.660860 2.660340 2.660000 
2.660000 2.654180 2.641930 2.640928 2.666360 2.693835 2.766249 2.709903 2.660660 2.676684 2.765820 2.712981 2.656240 2.621590 2.635040 2.650280 2.655720 2.657480 2.658810 2.660440 2.660000 
2.660000 2.622830 2.581520 2.569890 2.776960 2.960939 2.659550 2.357340 2.711648 2.971769 2.672398 2.391540 2.645851 2.828120 2.768010 2.697330 2.663360 2.653420 2.654760 2.660480 2.660000 
2.660000 2.649290 2.653882 2.692081 2.779330 2.708980 2.644656 2.669602 2.771130 2.724268 2.658659 2.637327 2.696720 2.710690 2.666170 2.632470 2.623610 2.630130 2.643670 2.659730 2.660000 
2.660000 2.697640 2.749479 2.793510 2.633246 2.399975 2.712000 2.962430 2.668279 2.391812 2.671578 2.890096 2.700705 2.484371 2.468150 2.515590 2.560070 2.597020 2.629040 2.658540 2.660000 
2.660000 2.673458 2.712370 2.706220 2.606048 2.607230 2.758990 2.722372 2.645637 2.644319 2.710540 2.739160 2.627495 2.459510 2.423460 2.468320 2.525160 2.575710 2.618970 2.657890 2.660000 
2.660000 2.654059 2.677780 2.692341 2.763372 2.855291 2.656460 2.428590 2.668610 2.866890 2.698309 2.492940 2.465840 2.434550 2.433140 2.471380 2.522560 2.572170 2.616770 2.657830 2.660000 
2.660000 2.660380 2.689800 2.738481 2.828740 2.856276 2.646309 2.490050 2.673351 2.804480 2.664698 2.478848 2.440110 2.444400 2.463960 2.499140 2.541170 2.582840 2.621630 2.658140 2.660000 
2.660000 2.662430 2.692680 2.735900 2.787039 2.781539 2.665979 2.589530 2.664790 2.718689 2.643460 2.535840 2.496870 2.498670 2.516720 2.543300 2.573300 2.603200 2.631530 2.658640 2.660000 
2.660000 2.661610 2.680720 2.704610 2.726410 2.718620 2.669320 2.637580 2.661270 2.678029 2.645009 2.596449 2.573959 2.573400 2.583250 2.597670 2.613620 2.629500 2.644660 2.659270 2.660000 
2.660000 2.660000 2.661610 2.664560 2.668840 2.668830 2.659490 2.653770 2.660860 2.665810 2.660630 2.653560 2.652340 2.653700 2.655290 2.656630 2.657730 2.658580 2.659270 2.660000 2.660000 
2.660000 2.660000 2.660000 2.660000 2.660000 2.660000 2.660000 2.660000 2.660000 2.660000 2.660000 2.660000 2.660000 2.660000 2.660000 2.660000 2.660000 2.660000 2.660000 2.660000 2.660000 
2.700000 2.700000 2.700000 2.700000 2.700000 2.700000 2.700000 2.700000 2.700000 2.700000 2.700000 2.700000 2.700000 2.700000 2.700000 2.700000 2.700000 2.700000 2.700000 2.700000 2.700000 
2.700000 2.700000 2.697220 2.695240 2.694779 2.696089 2.699930 2.709950 2.736670 2.773410 2.711280 2.637050 2.700690 2.715680 2.705220 2.701120 2.700020 2.699860 2.699920 2.700000 2.700000 
2.700000 2.697219 2.664119 2.643580 2.643390 2.664870 2.706300 2.768700 2.847870 2.877359 2.720155 2.579479 2.681110 2.725780 2.712950 2.700380 2.695730 2.695790 2.697630 2.699920 2.700000 
2.700000 2.693480 2.626739 2.586520 2.588440 2.630640 2.699940 2.788090 2.890920 2.910749 2.675421 2.510165 2.713100 2.735460 2.702110 2.687680 2.686580 2.690410 2.695150 2.699780 2.700000 
2.700000 2.687360 2.582648 2.522930 2.536109 2.611181 2.708799 2.791980 2.792219 2.648568 2.619629 2.690420 2.776890 2.683740 2.656100 2.663250 2.675720 2.685990 2.693580 2.699610 2.700000 
2.700000 2.676388 2.532589 2.456798 2.503740 2.645936 2.793834 2.854960 2.657349 2.381950 2.719309 2.925009 2.783839 2.629189 2.629010 2.657500 2.677040 2.688180 2.694880 2.699690 2.700000 
2.700000 2.656727 2.488903 2.407650 2.528525 2.763680 2.819237 2.677530 2.631400 2.675848 2.807610 2.714818 2.691661 2.674738 2.689599 2.697480 2.698370 2.698520 2.699160 2.700170 2.700000 
2.700000 2.633147 2.500561 2.451552 2.675060 2.876060 2.648389 2.365250 2.736763 3.026030 2.702622 2.402000 2.641178 2.811119 2.801570 2.748430 2.719390 2.707350 2.702670 2.700640 2.700000 
2.700000 2.688118 2.651979 2.688650 2.769807 2.666921 2.617730 2.694074 2.819730 2.735519 2.676257 2.669793 2.748010 2.725417 2.714949 2.706950 2.703890 2.702550 2.701490 2.700510 2.700000 
2.700000 2.741540 2.761060 2.821669 2.660626 2.376410 2.714552 3.034840 2.687188 2.331789 2.726775 2.985199 2.721072 2.465700 2.542630 2.635880 2.678070 2.693410 2.698470 2.700170 2.700000 
2.700000 2.693400 2.671390 2.660968 2.677719 2.698344 2.788230 2.725282 2.668760 2.682796 2.780540 2.718953 2.660180 2.632078 2.657600 2.681090 2.690680 2.694810 2.697620 2.700390 2.700000 
2.700000 2.649839 2.589820 2.551810 2.788401 3.032270 2.682766 2.322620 2.727681 3.032850 2.670738 2.348950 2.664300 2.889200 2.818730 2.739910 2.703560 2.693220 2.694660 2.700540 2.700000 
2.700000 2.680490 2.670181 2.697930 2.803100 2.728960 2.660258 2.683552 2.788780 2.731650 2.665160 2.638299 2.704230 2.735550 2.701380 2.671920 2.664200 2.670790 2.684050 2.699790 2.700000 
2.700000 2.746169 2.788868 2.839750 2.653633 2.367733 2.727040 3.027133 2.669700 2.347241 2.683653 2.935588 2.707876 2.481050 2.488070 2.551030 2.600230 2.637930 2.669640 2.698620 2.700000 
2.700000 2.712768 2.739619 2.720370 2.602577 2.612694 2.780031 2.729475 2.655015 2.655295 2.714549 2.750680 2.654801 2.491679 2.460680 2.509420 2.567080 2.617170 2.659730 2.698020 2.700000 
2.700000 2.687327 2.695539 2.692530 2.773798 2.898499 2.658051 2.394779 2.695529 2.921979 2.695457 2.465870 2.482720 2.473599 2.476730 2.515130 2.565290 2.613760 2.657510 2.697980 2.700000 
2.700000 2.697539 2.714479 2.755440 2.856160 2.897949 2.662350 2.494290 2.710929 2.849900 2.675532 2.473754 2.458708 2.480470 2.505960 2.541960 2.583260 2.624060 2.662190 2.698250 2.700000 
2.700000 2.701370 2.724260 2.763870 2.818899 2.818110 2.695830 2.617829 2.703198 2.756847 2.667670 2.553830 2.523770 2.534549 2.556849 2.584550 2.614440 2.643870 2.671890 2.698720 2.700000 
2.700000 2.701250 2.717040 2.739330 2.762260 2.756090 2.705720 2.674240 2.700500 2.716108 2.678028 2.627288 2.607788 2.610909 2.622899 2.638060 2.654080 2.669770 2.684790 2.699290 2.700000 
2.700000 2.700000 2.701250 2.704100 2.708830 2.709220 2.699120 2.693160 2.701170 2.706130 2.699769 2.692109 2.691539 2.693510 2.695370 2.696780 2.697870 2.698640 2.699290 2.700000 2.700000 
2.700000 2.700000 2.700000 2.700000 2.700000 2.700000 2.700000 2.700000 2.700000 2.700000 2.700000 2.700000 2.700000 2.700000 2.700000 2.700000 2.700000 2.700000 2.700000 2.700000 2.700000 
2.800000 2.800000 2.800000 2.800000 2.800000 2.800000 2.800000 2.800000 2.800000 2.800000 2.800000 2.800000 2.800000 2.800000 2.800000 2.800000 2.800000 2.800000 2.800000 2.800000 2.800000 
2.800000 2.800000 2.797029 2.794709 2.793579 2.793758 2.795720 2.803190 2.828440 2.867300 2.805070 2.726280 2.795180 2.814400 2.804560 2.800790 2.799840 2.799770 2.799880 2.800000 2.800000 
2.800000 2.797029 2.760620 2.735660 2.729100 2.742210 2.774140 2.828650 2.907420 2.945670 2.792743 2.647649 2.757570 2.812090 2.804400 2.794890 2.792250 2.793720 2.796650 2.799880 2.800000 
2.800000 2.793129 2.720778 2.672549 2.662710 2.689450 2.741790 2.817250 2.925620 2.971056 2.740400 2.555758 2.773970 2.811730 2.786150 2.777020 2.779690 2.786270 2.793180 2.799660 2.800000 
2.800000 2.786969 2.675588 2.605421 2.602245 2.656449 2.734100 2.809810 2.836709 2.739983 2.701112 2.732371 2.829310 2.749259 2.731749 2.746790 2.765060 2.779650 2.790570 2.799440 2.800000 
2.800000 2.776117 2.626048 2.538638 2.565970 2.686167 2.824115 2.904489 2.745740 2.499200 2.798030 2.977659 2.834354 2.684385 2.695270 2.734599 2.762460 2.779690 2.790920 2.799430 2.800000 
2.800000 2.756564 2.583446 2.490089 2.589950 2.810161 2.877104 2.769599 2.718980 2.726245 2.852680 2.782036 2.757359 2.727979 2.748569 2.769220 2.780790 2.788530 2.794600 2.799860 2.800000 
2.800000 2.731957 2.593638 2.530950 2.736140 2.944960 2.745685 2.469159 2.776274 3.040690 2.748221 2.501849 2.737618 2.877208 2.861250 2.819580 2.801680 2.797480 2.798210 2.800340 2.800000 
2.800000 2.784246 2.741348 2.762450 2.837965 2.760989 2.719978 2.737135 2.832680 2.786091 2.741059 2.742206 2.818829 2.787399 2.780808 2.784240 2.790160 2.794870 2.797990 2.800290 2.800000 
2.800000 2.842970 2.858330 2.915879 2.753588 2.471681 2.768085 3.045490 2.733326 2.443876 2.786173 3.014410 2.756930 2.531559 2.624489 2.724730 2.771000 2.789260 2.796470 2.800090 2.800000 
2.800000 2.795970 2.769070 2.751848 2.748318 2.742886 2.820070 2.772036 2.731047 2.732468 2.810531 2.766542 2.730289 2.722296 2.753880 2.778660 2.789080 2.793870 2.797200 2.800370 2.800000 
2.800000 2.747270 2.674250 2.610879 2.811712 3.058590 2.759563 2.446727 2.775510 3.036720 2.717911 2.463196 2.765121 2.983170 2.916230 2.840959 2.805750 2.795100 2.795670 2.800600 2.800000 
2.800000 2.774130 2.746220 2.749740 2.842529 2.788738 2.739480 2.746170 2.813970 2.767497 2.734819 2.716089 2.771620 2.816889 2.801379 2.779220 2.771650 2.776020 2.786690 2.799940 2.800000 
2.800000 2.843499 2.869719 2.915870 2.750712 2.488249 2.783643 3.045918 2.721184 2.454660 2.762519 2.981299 2.768229 2.587048 2.611210 2.672110 2.715180 2.747030 2.773960 2.798930 2.800000 
2.800000 2.807437 2.816745 2.787638 2.685717 2.706657 2.830830 2.773194 2.732825 2.740565 2.773598 2.807150 2.752512 2.628920 2.601740 2.639850 2.686860 2.728720 2.765140 2.798430 2.800000 
2.800000 2.781605 2.770148 2.748030 2.823247 2.955508 2.724611 2.495058 2.789009 2.988769 2.745898 2.544239 2.601200 2.612317 2.615010 2.644180 2.684610 2.725220 2.762930 2.798390 2.800000 
2.800000 2.794357 2.793968 2.818690 2.910840 2.960250 2.749250 2.609440 2.813346 2.927100 2.745277 2.565290 2.575176 2.608659 2.634109 2.664349 2.698770 2.733500 2.766720 2.798570 2.800000 
2.800000 2.799759 2.810789 2.840040 2.890250 2.895580 2.790100 2.726630 2.805766 2.846485 2.754620 2.651839 2.634480 2.651769 2.674479 2.699150 2.724890 2.750410 2.775030 2.798910 2.800000 
2.800000 2.800580 2.810320 2.827610 2.848540 2.845699 2.803239 2.777839 2.801899 2.812408 2.773438 2.727198 2.713048 2.719168 2.731469 2.745299 2.759370 2.773150 2.786420 2.799390 2.800000 
2.800000 2.800000 2.800580 2.802780 2.807150 2.807980 2.799190 2.794340 2.801660 2.805460 2.798809 2.791888 2.792059 2.794329 2.796089 2.797340 2.798220 2.798850 2.799390 2.800000 2.800000 
2.800000 2.800000 2.800000 2.800000 2.800000 2.800000 2.800000 2.800000 2.800000 2.800000 2.800000 2.800000 2.800000 2.800000 2.800000 2.800000 2.800000 2.800000 2.800000 2.800000 2.800000 
2.900000 2.900000 2.900000 2.900000 2.900000 2.900000 2.900000 2.900000 2.900000 2.900000 2.900000 2.900000 2.900000 2.900000 2.900000 2.900000 2.900000 2.900000 2.900000 2.900000 2.900000 
2.900000 2.900000 2.897179 2.894820 2.893250 2.892469 2.892650 2.896700 2.914390 2.942990 2.900990 2.843050 2.893330 2.909780 2.903220 2.900420 2.899740 2.899720 2.899860 2.900000 2.900000 
2.900000 2.897180 2.861000 2.834220 2.822580 2.827030 2.847470 2.888630 2.954550 2.993370 2.881736 2.765339 2.850810 2.899760 2.897340 2.891350 2.890370 2.892670 2.896160 2.899860 2.900000 
2.900000 2.893650 2.823219 2.772679 2.753600 2.764520 2.797500 2.854160 2.949700 3.010317 2.846240 2.685458 2.848930 2.889959 2.875830 2.871689 2.876480 2.884310 2.892210 2.899620 2.900000 
2.900000 2.888570 2.783849 2.713030 2.696844 2.727667 2.780300 2.842109 2.895589 2.876704 2.837649 2.808351 2.880860 2.832769 2.824709 2.841389 2.860680 2.876610 2.889000 2.899340 2.900000 
2.900000 2.880508 2.745398 2.662200 2.671200 2.755552 2.861563 2.946829 2.876979 2.729000 2.896810 2.991688 2.887671 2.777572 2.789299 2.826579 2.855490 2.874950 2.888550 2.899290 2.900000 
2.900000 2.867556 2.718620 2.636979 2.704509 2.867540 2.936225 2.899849 2.862380 2.819000 2.895040 2.868777 2.850727 2.813760 2.828539 2.852169 2.869270 2.881720 2.891370 2.899640 2.900000 
2.900000 2.854078 2.737479 2.686180 2.829450 2.995039 2.886463 2.699339 2.848721 2.997030 2.826229 2.704426 2.866800 2.937418 2.917399 2.893520 2.887470 2.889950 2.894850 2.900070 2.900000 
2.900000 2.890127 2.854869 2.864500 2.917807 2.891730 2.871765 2.821251 2.857030 2.865946 2.850588 2.851979 2.898228 2.864479 2.860688 2.871170 2.882000 2.890060 2.895720 2.900100 2.900000 
2.900000 2.934100 2.951220 2.995370 2.880971 2.686115 2.854043 2.999290 2.829308 2.694837 2.880572 2.999610 2.820298 2.682959 2.757429 2.834910 2.872580 2.888670 2.895860 2.900040 2.900000 
2.900000 2.901220 2.880580 2.866509 2.846819 2.818246 2.865500 2.855340 2.852892 2.836886 2.869291 2.852411 2.844887 2.851906 2.872950 2.887230 2.892830 2.895510 2.897850 2.900360 2.900000 
2.900000 2.861340 2.792760 2.727210 2.837551 3.011320 2.868200 2.704398 2.862691 2.990789 2.820677 2.709171 2.907679 3.051559 3.000620 2.940429 2.909550 2.898630 2.897590 2.900610 2.900000 
2.900000 2.877690 2.840890 2.823500 2.877429 2.864558 2.860498 2.850879 2.863828 2.843545 2.858875 2.853345 2.879448 2.916268 2.911809 2.893809 2.884110 2.884380 2.890830 2.900130 2.900000 
2.900000 2.928629 2.939589 2.970430 2.875276 2.718549 2.865331 3.005220 2.824498 2.697819 2.887530 3.004450 2.862680 2.761147 2.779300 2.815200 2.841040 2.861710 2.880750 2.899350 2.900000 
2.900000 2.900838 2.895795 2.870006 2.819128 2.847415 2.892100 2.847212 2.859818 2.875519 2.874608 2.888490 2.873006 2.803170 2.775890 2.791180 2.818670 2.846820 2.873480 2.898980 2.900000 
2.900000 2.881988 2.856178 2.826929 2.881099 2.984189 2.831370 2.702578 2.908779 3.026049 2.834170 2.704640 2.764580 2.779837 2.776339 2.789700 2.814570 2.842900 2.871240 2.898930 2.900000 
2.900000 2.892818 2.877718 2.885010 2.950190 2.995600 2.863300 2.786079 2.926386 2.986850 2.837671 2.712362 2.731266 2.761968 2.780109 2.799439 2.822830 2.848160 2.873700 2.899000 2.900000 
2.900000 2.898329 2.897369 2.913260 2.950660 2.961520 2.895230 2.859020 2.914726 2.932936 2.853740 2.776769 2.769030 2.786230 2.804509 2.822530 2.841340 2.860650 2.880000 2.899190 2.900000 
2.900000 2.899880 2.902890 2.913380 2.929620 2.930939 2.904179 2.889239 2.906299 2.909018 2.874418 2.838279 2.829428 2.836128 2.846469 2.857159 2.867840 2.878450 2.889030 2.899500 2.900000 
2.900000 2.900000 2.899880 2.901100 2.904290 2.905390 2.899959 2.897230 2.902210 2.904010 2.898389 2.893409 2.893949 2.895879 2.897279 2.898130 2.898700 2.899140 2.899500 2.900000 2.900000 
2.900000 2.900000 2.900000 2.900000 2.900000 2.900000 2.900000 2.900000 2.900000 2.900000 2.900000 2.900000 2.900000 2.900000 2.900000 2.900000 2.900000 2.900000 2.900000 2.900000 2.900000 
3.000000 3.000000 3.000000 3.000000 3.000000 3.000000 3.000000 3.000000 3.000000 3.000000 3.000000 3.000000 3.000000 3.000000 3.000000 3.000000 3.000000 3.000000 3.000000 3.000000 3.000000 
3.000000 3.000000 2.997610 2.995460 2.993790 2.992470 2.991670 2.993350 3.004800 3.025340 3.002630 2.964720 2.996550 3.007360 3.002520 3.000370 2.999780 2.999770 2.999880 3.000000 3.000000 
3.000000 2.997610 2.964810 2.939180 2.924980 2.923150 2.934400 2.963760 3.016350 3.055880 2.990688 2.908999 2.964410 2.998650 2.996520 2.991710 2.990950 2.993070 2.996330 2.999880 3.000000 
3.000000 2.994770 2.932590 2.885380 2.861840 2.861420 2.879908 2.922149 3.004410 3.075718 2.982040 2.856729 2.957730 2.987849 2.977690 2.974339 2.978280 2.985170 2.992530 2.999650 3.000000 
3.000000 2.991230 2.902690 2.839560 2.816816 2.829808 2.863870 2.917589 2.991029 3.029567 2.999622 2.932169 2.970789 2.942438 2.936549 2.948479 2.963910 2.977760 2.989300 2.999370 3.000000 
3.000000 2.986409 2.879008 2.810190 2.807279 2.860008 2.938180 3.026119 3.029469 2.959720 3.029239 3.051336 2.978360 2.902681 2.908087 2.934768 2.958039 2.975340 2.988410 2.999300 3.000000 
3.000000 2.980037 2.870244 2.810399 2.850999 2.959839 3.027427 3.049419 3.033210 2.963490 2.995359 2.991757 2.975837 2.933849 2.935839 2.952489 2.967700 2.980180 2.990480 2.999550 3.000000 
3.000000 2.975568 2.896330 2.865190 2.955039 3.074279 3.040965 2.938200 2.983469 3.035319 2.958825 2.918565 3.012250 3.027988 3.000650 2.984040 2.982560 2.987290 2.993580 2.999950 3.000000 
3.000000 2.998038 2.980770 2.990210 3.027158 3.037700 3.038714 2.963268 2.966060 3.003546 3.004865 2.995162 3.010856 2.976457 2.967698 2.973940 2.982370 2.989560 2.995240 2.999990 3.000000 
3.000000 3.026720 3.049850 3.087650 3.022803 2.909180 2.988424 3.038309 2.986433 2.955839 3.025451 3.049809 2.935726 2.863769 2.910599 2.957399 2.980720 2.991300 2.996600 3.000050 3.000000 
3.000000 3.005900 2.999180 2.994910 2.972820 2.941029 2.977559 2.998368 3.027690 3.001754 3.000300 2.990660 2.992007 2.997187 3.000849 3.001029 2.999459 2.998650 2.999120 3.000390 3.000000 
3.000000 2.976530 2.926960 2.873870 2.917520 3.026100 3.011184 2.961743 3.012165 3.038475 2.981014 2.959191 3.065476 3.132888 3.088429 3.040289 3.013450 3.002320 2.999620 3.000590 3.000000 
3.000000 2.984990 2.953610 2.932809 2.960827 2.977477 3.012055 3.001851 2.991353 2.987461 3.027123 3.023613 3.020626 3.034477 3.027428 3.008969 2.996430 2.992660 2.995010 3.000260 3.000000 
3.000000 3.018000 3.021799 3.046319 3.012678 2.940790 2.988850 3.038730 2.981200 2.951967 3.047409 3.079900 2.992960 2.942227 2.947289 2.958310 2.967120 2.976640 2.987730 2.999740 3.000000 
3.000000 2.998059 2.987406 2.973095 2.966949 3.001709 3.000170 2.972410 3.020520 3.038940 3.016478 3.010160 3.011748 2.974940 2.945990 2.941540 2.950820 2.965540 2.982230 2.999500 3.000000 
3.000000 2.985089 2.954518 2.927278 2.965390 3.043130 2.968450 2.920288 3.047449 3.095450 2.961500 2.890030 2.937250 2.947118 2.936289 2.935249 2.945370 2.961500 2.980050 2.999400 3.000000 
3.000000 2.992818 2.969549 2.964880 3.005980 3.047680 2.990700 2.966019 3.046916 3.062240 2.953946 2.878926 2.897627 2.919038 2.927689 2.935809 2.948130 2.963810 2.981270 2.999370 3.000000 
3.000000 2.997539 2.987869 2.992510 3.017410 3.033289 3.005750 2.994190 3.026387 3.025417 2.964360 2.913849 2.911940 2.925230 2.937040 2.947630 2.959070 2.971810 2.985430 2.999420 3.000000 
3.000000 2.999360 2.996930 3.001270 3.012600 3.017839 3.006898 3.001839 3.011599 3.007809 2.980109 2.955089 2.950299 2.955949 2.963229 2.970159 2.977090 2.984330 2.991870 2.999620 3.000000 
3.000000 3.000000 2.999360 2.999770 3.001750 3.003060 3.000799 2.999990 3.002670 3.002820 2.998649 2.995639 2.996259 2.997629 2.998459 2.998920 2.999200 2.999400 2.999620 3.000000 3.000000 
3.000000 3.000000 3.000000 3.000000 3.000000 3.000000 3.000000 3.000000 3.000000 3.000000 3.000000 3.000000 3.000000 3.000000 3.000000 3.000000 3.000000 3.000000 3.000000 3.000000 3.000000 
3.100000 3.100000 3.100000 3.100000 3.100000 3.100000 3.100000 3.100000 3.100000 3.100000 3.100000 3.100000 3.100000 3.100000 3.100000 3.100000 3.100000 3.100000 3.100000 3.100000 3.100000 
3.100000 3.100000 3.098140 3.096370 3.094830 3.093440 3.092280 3.092810 3.100209 3.115240 3.105010 3.081460 3.101160 3.106900 3.102540 3.100590 3.099950 3.099860 3.099890 3.100000 3.100000 
3.100000 3.098140 3.070680 3.048230 3.033900 3.028670 3.033920 3.054580 3.095920 3.134300 3.104060 3.052300 3.086310 3.106000 3.101070 3.095320 3.093540 3.094660 3.097080 3.099890 3.100000 
3.100000 3.096080 3.045290 3.004950 2.981260 2.974550 2.984008 3.015989 3.084930 3.157019 3.114630 3.026200 3.084920 3.100850 3.088880 3.082899 3.083870 3.088330 3.093940 3.099720 3.100000 
3.100000 3.093860 3.024850 2.973300 2.949408 2.951469 2.973439 3.020299 3.097189 3.159189 3.144076 3.072348 3.088628 3.068168 3.059199 3.063499 3.072510 3.082180 3.091170 3.099480 3.100000 
3.100000 3.091499 3.013379 2.961280 2.952529 2.982778 3.039390 3.121630 3.160830 3.133960 3.158789 3.145816 3.094411 3.041162 3.038637 3.052648 3.067359 3.079780 3.090210 3.099400 3.100000 
3.100000 3.089318 3.016687 2.977099 2.999539 3.068088 3.127159 3.177290 3.180159 3.110260 3.119519 3.121558 3.107577 3.067109 3.058409 3.064809 3.073960 3.083120 3.091630 3.099600 3.100000 
3.100000 3.089589 3.043950 3.028910 3.082489 3.163049 3.168888 3.122530 3.129488 3.131017 3.102675 3.094867 3.146570 3.136209 3.104750 3.088170 3.085490 3.088910 3.094230 3.099930 3.100000 
3.100000 3.103069 3.101650 3.112630 3.136779 3.161790 3.178026 3.112229 3.109140 3.149267 3.153454 3.132901 3.132026 3.101547 3.087228 3.085260 3.087980 3.092020 3.096130 3.100020 3.100000 
3.100000 3.120890 3.148370 3.181390 3.147928 3.086911 3.128006 3.134859 3.145248 3.155920 3.168150 3.141198 3.068307 3.031219 3.055899 3.078809 3.089760 3.094860 3.097820 3.100100 3.100000 
3.100000 3.108190 3.114400 3.119360 3.102630 3.078610 3.114109 3.146707 3.189794 3.161886 3.144840 3.130300 3.128648 3.126478 3.118439 3.110089 3.104119 3.101060 3.100170 3.100350 3.100000 
3.100000 3.087810 3.060230 3.025310 3.037689 3.103099 3.150211 3.155097 3.164052 3.141864 3.137216 3.145255 3.193427 3.211538 3.172179 3.135199 3.113809 3.104030 3.100770 3.100490 3.100000 
3.100000 3.092230 3.073680 3.060879 3.077406 3.102776 3.152954 3.148239 3.138600 3.139331 3.178154 3.167875 3.146827 3.141228 3.130749 3.114549 3.102740 3.097770 3.097770 3.100290 3.100000 
3.100000 3.112460 3.116369 3.139938 3.140048 3.112240 3.117890 3.125169 3.134898 3.145536 3.186189 3.172260 3.116279 3.088468 3.085529 3.084430 3.084400 3.087320 3.092950 3.099970 3.100000 
3.100000 3.097880 3.087977 3.083955 3.101118 3.136900 3.121650 3.106920 3.164680 3.178329 3.148308 3.131100 3.135779 3.114370 3.087560 3.074680 3.073900 3.079860 3.089130 3.099810 3.100000 
3.100000 3.088709 3.059928 3.037967 3.065639 3.125580 3.101560 3.095258 3.170259 3.177940 3.088560 3.052060 3.085690 3.090019 3.076219 3.067859 3.068920 3.076430 3.087350 3.099760 3.100000 
3.100000 3.093709 3.068159 3.057599 3.082479 3.120129 3.110400 3.114159 3.155957 3.146000 3.071839 3.031178 3.047448 3.060959 3.063059 3.063980 3.068600 3.076960 3.087740 3.099680 3.100000 
3.100000 3.097339 3.083059 3.080510 3.096079 3.114289 3.112110 3.115130 3.131018 3.119498 3.075560 3.045479 3.047100 3.056600 3.063200 3.068230 3.074080 3.081490 3.090210 3.099620 3.100000 
3.100000 3.099100 3.093280 3.093300 3.100699 3.108119 3.107918 3.109089 3.113640 3.106479 3.085879 3.070089 3.068319 3.072709 3.077289 3.081209 3.085110 3.089510 3.094440 3.099720 3.100000 
3.100000 3.100000 3.099100 3.098970 3.100110 3.101480 3.101239 3.101430 3.102670 3.101920 3.099049 3.097419 3.098049 3.098919 3.099379 3.099510 3.099580 3.099610 3.099720 3.100000 3.100000 
3.100000 3.100000 3.100000 3.100000 3.100000 3.100000 3.100000 3.100000 3.100000 3.100000 3.100000 3.100000 3.100000 3.100000 3.100000 3.100000 3.100000 3.100000 3.100000 3.100000 3.100000 
3.200000 3.200000 3.200000 3.200000 3.200000 3.200000 3.200000 3.200000 3.200000 3.200000 3.200000 3.200000 3.200000 3.200000 3.200000 3.200000 3.200000 3.200000 3.200000 3.200000 3.200000 
3.200000 3.200000 3.198640 3.197310 3.196000 3.194730 3.193580 3.193519 3.198149 3.208750 3.205030 3.191220 3.204350 3.206860 3.202730 3.200860 3.200160 3.199970 3.199920 3.200000 3.200000 
3.200000 3.198640 3.177100 3.158800 3.145870 3.139210 3.140490 3.154050 3.184529 3.217700 3.208650 3.180380 3.203980 3.214280 3.206870 3.199880 3.196840 3.196720 3.198060 3.199920 3.200000 
3.200000 3.197260 3.158220 3.125920 3.104450 3.094740 3.097739 3.119779 3.172050 3.233919 3.222430 3.169200 3.208640 3.215700 3.201660 3.192870 3.190690 3.192400 3.195820 3.199830 3.200000 
3.200000 3.195970 3.145000 3.105060 3.082699 3.077889 3.089630 3.124839 3.188070 3.246990 3.247298 3.195888 3.207628 3.192998 3.181689 3.179619 3.182660 3.187880 3.193740 3.199650 3.200000 
3.200000 3.194989 3.140719 3.102460 3.090609 3.104168 3.140320 3.204860 3.247450 3.237580 3.252860 3.238057 3.208284 3.173184 3.166868 3.171569 3.178630 3.185900 3.192910 3.199570 3.200000 
3.200000 3.194759 3.148559 3.121889 3.130759 3.168249 3.209230 3.259700 3.271959 3.214979 3.219669 3.225879 3.220808 3.191329 3.180030 3.179530 3.182970 3.188110 3.193860 3.199730 3.200000 
3.200000 3.196389 3.171170 3.162290 3.189089 3.235959 3.250079 3.232450 3.234678 3.219117 3.211167 3.214128 3.250420 3.238970 3.211810 3.195850 3.191210 3.192360 3.195820 3.200000 3.200000 
3.200000 3.204109 3.208380 3.214340 3.223270 3.244460 3.265109 3.218709 3.219619 3.250218 3.253086 3.231945 3.232117 3.213818 3.200919 3.194890 3.193710 3.195030 3.197420 3.200080 3.200000 
3.200000 3.215160 3.239580 3.262390 3.239710 3.204051 3.230008 3.221109 3.250180 3.266810 3.260770 3.221498 3.179198 3.163779 3.179089 3.190479 3.195170 3.197290 3.198780 3.200130 3.200000 
3.200000 3.207870 3.219340 3.226380 3.212410 3.193330 3.221859 3.246679 3.286258 3.260929 3.242890 3.226280 3.224599 3.222689 3.215639 3.208619 3.203760 3.201220 3.200350 3.200270 3.200000 
3.200000 3.194490 3.182570 3.161760 3.161048 3.194678 3.248515 3.262274 3.260415 3.224737 3.236689 3.247198 3.269098 3.269609 3.243279 3.221309 3.208660 3.202730 3.200650 3.200350 3.200000 
3.200000 3.197240 3.189750 3.184659 3.193006 3.208556 3.249886 3.244782 3.240993 3.239676 3.266628 3.251088 3.227698 3.217769 3.213079 3.206479 3.200990 3.198530 3.198670 3.200200 3.200000 
3.200000 3.209210 3.214299 3.234518 3.242728 3.226769 3.215799 3.205478 3.237038 3.252478 3.265859 3.237100 3.202369 3.188469 3.188709 3.189660 3.190290 3.192200 3.195670 3.200030 3.200000 
3.200000 3.198220 3.189998 3.189446 3.209418 3.237260 3.219820 3.209139 3.257319 3.261739 3.233679 3.217360 3.224510 3.214150 3.196530 3.186870 3.185040 3.187940 3.193380 3.199960 3.200000 
3.200000 3.191690 3.166509 3.148187 3.165908 3.209339 3.207130 3.212759 3.254469 3.243590 3.185600 3.170370 3.197120 3.201379 3.191289 3.183680 3.182390 3.185920 3.192290 3.199950 3.200000 
3.200000 3.194819 3.170249 3.157069 3.170629 3.200829 3.210500 3.222369 3.241328 3.221980 3.173340 3.154559 3.170229 3.180659 3.181399 3.180350 3.181730 3.186020 3.192400 3.199860 3.200000 
3.200000 3.197479 3.181799 3.175230 3.183889 3.200329 3.208860 3.216620 3.222759 3.208139 3.178340 3.162550 3.167100 3.174890 3.179200 3.181590 3.184400 3.188520 3.193820 3.199780 3.200000 
3.200000 3.199030 3.191720 3.189150 3.193390 3.200699 3.205179 3.208630 3.209990 3.202229 3.187940 3.179110 3.179640 3.183440 3.186580 3.188760 3.190880 3.193390 3.196420 3.199810 3.200000 
3.200000 3.200000 3.199030 3.198640 3.199230 3.200420 3.201040 3.201550 3.201990 3.201000 3.199110 3.198379 3.199009 3.199619 3.199820 3.199850 3.199800 3.199730 3.199810 3.200000 3.200000 
3.200000 3.200000 3.200000 3.200000 3.200000 3.200000 3.200000 3.200000 3.200000 3.200000 3.200000 3.200000 3.200000 3.200000 3.200000 3.200000 3.200000 3.200000 3.200000 3.200000 3.200000 
3.300000 3.300000 3.300000 3.300000 3.300000 3.300000 3.300000 3.300000 3.300000 3.300000 3.300000 3.300000 3.300000 3.300000 3.300000 3.300000 3.300000 3.300000 3.300000 3.300000 3.300000 
3.300000 3.300000 3.299080 3.298110 3.297080 3.296040 3.294960 3.294539 3.297009 3.303820 3.302900 3.295580 3.305480 3.306440 3.302720 3.301000 3.300310 3.300050 3.299970 3.300000 3.300000 
3.300000 3.299080 3.283230 3.269300 3.258520 3.251690 3.250080 3.257140 3.276789 3.301459 3.302910 3.291880 3.312280 3.318470 3.310500 3.303270 3.299570 3.298540 3.298950 3.299970 3.300000 
3.300000 3.298140 3.269800 3.245400 3.227360 3.216440 3.214040 3.225250 3.258320 3.303039 3.307240 3.283930 3.318940 3.323680 3.310170 3.300430 3.296360 3.296010 3.297600 3.299890 3.300000 
3.300000 3.297380 3.261300 3.231490 3.211640 3.202180 3.203880 3.223019 3.262600 3.304520 3.316699 3.294669 3.313839 3.307009 3.296829 3.291839 3.291160 3.293050 3.296190 3.299760 3.300000 
3.300000 3.296999 3.259889 3.231510 3.217519 3.217949 3.233830 3.273070 3.300450 3.293040 3.313470 3.314248 3.307337 3.289837 3.285229 3.285779 3.288170 3.291560 3.295560 3.299760 3.300000 
3.300000 3.297269 3.266729 3.246129 3.243749 3.256419 3.273980 3.308000 3.319510 3.277949 3.287380 3.301210 3.310959 3.298719 3.292330 3.290250 3.290640 3.292870 3.296130 3.299860 3.300000 
3.300000 3.298549 3.281500 3.270650 3.276000 3.293500 3.297970 3.288960 3.295439 3.278918 3.279718 3.288859 3.326690 3.328150 3.312230 3.300400 3.295800 3.295600 3.297430 3.300060 3.300000 
3.300000 3.302440 3.303120 3.298050 3.289780 3.297200 3.312209 3.280679 3.284719 3.303249 3.306288 3.294668 3.307579 3.307099 3.302539 3.298430 3.296810 3.297120 3.298440 3.300120 3.300000 
3.300000 3.309520 3.324040 3.331570 3.305960 3.277280 3.292989 3.276550 3.300450 3.309850 3.305509 3.277529 3.262399 3.265259 3.282149 3.292209 3.296220 3.298010 3.299130 3.300120 3.300000 
3.300000 3.305790 3.314360 3.316180 3.299310 3.278220 3.291349 3.296640 3.322310 3.301380 3.290970 3.280240 3.286160 3.293749 3.297639 3.299119 3.299440 3.299570 3.299830 3.300170 3.300000 
3.300000 3.297590 3.292370 3.277940 3.269289 3.276188 3.306667 3.305457 3.300758 3.268079 3.282450 3.290500 3.308239 3.313379 3.306839 3.302369 3.300260 3.299560 3.299680 3.300180 3.300000 
3.300000 3.299620 3.297250 3.294379 3.292937 3.288846 3.306676 3.293485 3.291737 3.286448 3.301509 3.287389 3.274479 3.273869 3.282999 3.290589 3.294370 3.296510 3.298290 3.300060 3.300000 
3.300000 3.306590 3.310330 3.322869 3.323709 3.301839 3.281168 3.261638 3.289398 3.295669 3.298159 3.274020 3.259079 3.259369 3.270859 3.281940 3.288610 3.292980 3.296580 3.300000 3.300000 
3.300000 3.298270 3.290039 3.286688 3.297169 3.310540 3.290919 3.276749 3.306459 3.301549 3.280549 3.273560 3.287360 3.288950 3.285170 3.285160 3.287670 3.291280 3.295510 3.300030 3.300000 
3.300000 3.293770 3.271799 3.254378 3.261358 3.287519 3.287680 3.289169 3.308679 3.291690 3.256110 3.255720 3.282160 3.291340 3.289270 3.287310 3.288000 3.290880 3.295160 3.300070 3.300000 
3.300000 3.295859 3.273819 3.259539 3.264209 3.283959 3.294950 3.303390 3.309429 3.289830 3.259870 3.255270 3.272410 3.283680 3.286720 3.287270 3.288610 3.291370 3.295350 3.300000 3.300000 
3.300000 3.297850 3.282910 3.274480 3.277709 3.289339 3.298470 3.304720 3.305469 3.292189 3.273490 3.267380 3.274560 3.282400 3.286600 3.288670 3.290530 3.293000 3.296200 3.299880 3.300000 
3.300000 3.299110 3.291770 3.287960 3.289640 3.295079 3.299830 3.302860 3.302440 3.295820 3.286720 3.282780 3.285060 3.288860 3.291560 3.293180 3.294460 3.295970 3.297790 3.299880 3.300000 
3.300000 3.300000 3.299110 3.298620 3.298860 3.299710 3.300380 3.300840 3.300880 3.300010 3.298880 3.298669 3.299269 3.299790 3.299970 3.299930 3.299890 3.299870 3.299880 3.300000 3.300000 
3.300000 3.300000 3.300000 3.300000 3.300000 3.300000 3.300000 3.300000 3.300000 3.300000 3.300000 3.300000 3.300000 3.300000 3.300000 3.300000 3.300000 3.300000 3.300000 3.300000 3.300000 
3.400000 3.400000 3.400000 3.400000 3.400000 3.400000 3.400000 3.400000 3.400000 3.400000 3.400000 3.400000 3.400000 3.400000 3.400000 3.400000 3.400000 3.400000 3.400000 3.400000 3.400000 
3.400000 3.400000 3.399430 3.398780 3.398080 3.397270 3.396390 3.395729 3.396649 3.400410 3.400390 3.397150 3.405030 3.405340 3.402300 3.400890 3.400350 3.400090 3.399990 3.400000 3.400000 
3.400000 3.399430 3.388900 3.379320 3.371370 3.365390 3.362250 3.364160 3.374199 3.389469 3.394220 3.393620 3.412900 3.417610 3.410700 3.404420 3.400980 3.399700 3.399600 3.399990 3.400000 
3.400000 3.398840 3.380120 3.363340 3.349690 3.339500 3.333610 3.335360 3.350740 3.377079 3.386190 3.383260 3.418530 3.423630 3.412510 3.403950 3.399700 3.398480 3.398870 3.399940 3.400000 
3.400000 3.398390 3.374680 3.354050 3.338100 3.326810 3.320920 3.324820 3.340460 3.361970 3.379819 3.382329 3.410339 3.410460 3.403410 3.398580 3.396580 3.396700 3.398040 3.399920 3.400000 
3.400000 3.398159 3.373809 3.353440 3.339529 3.331749 3.331570 3.346890 3.354410 3.342990 3.370220 3.387519 3.398078 3.394349 3.393900 3.393940 3.394410 3.395690 3.397590 3.399850 3.400000 
3.400000 3.398319 3.377479 3.360570 3.351329 3.347249 3.344150 3.358200 3.364170 3.335130 3.350380 3.370400 3.392600 3.395630 3.396290 3.395820 3.395550 3.396310 3.397910 3.399970 3.400000 
3.400000 3.398730 3.384430 3.370150 3.361480 3.358020 3.348590 3.338630 3.349549 3.337359 3.341269 3.353650 3.396870 3.412130 3.407670 3.401300 3.398240 3.397750 3.398650 3.400100 3.400000 
3.400000 3.400180 3.394720 3.379430 3.358040 3.352320 3.358909 3.336429 3.341099 3.349368 3.353448 3.353349 3.379430 3.393910 3.398130 3.398060 3.397840 3.398240 3.399090 3.400100 3.400000 
3.400000 3.404770 3.408580 3.402580 3.371200 3.342980 3.351349 3.330790 3.341960 3.342080 3.345980 3.335879 3.341200 3.356870 3.378189 3.390349 3.395640 3.397960 3.399220 3.400100 3.400000 
3.400000 3.403250 3.405880 3.400920 3.380480 3.356110 3.353659 3.339360 3.350040 3.334130 3.333730 3.331880 3.346880 3.364990 3.380289 3.390139 3.395320 3.397920 3.399250 3.400090 3.400000 
3.400000 3.398630 3.394550 3.382000 3.369089 3.357407 3.359527 3.339038 3.333909 3.309949 3.323060 3.329410 3.351839 3.368209 3.378879 3.387999 3.393750 3.397020 3.398830 3.400070 3.400000 
3.400000 3.400280 3.398730 3.394909 3.385608 3.363916 3.358775 3.336816 3.334828 3.326869 3.334030 3.325269 3.326219 3.337869 3.359809 3.378530 3.389210 3.394760 3.397870 3.399980 3.400000 
3.400000 3.404280 3.405360 3.409889 3.400239 3.369139 3.343447 3.319537 3.335538 3.331229 3.331640 3.319209 3.320589 3.332439 3.354529 3.374640 3.386510 3.393030 3.397010 3.399990 3.400000 
3.400000 3.398210 3.389599 3.381969 3.380889 3.380930 3.359639 3.340448 3.352749 3.341509 3.329049 3.333219 3.353939 3.365070 3.372810 3.381370 3.388110 3.392980 3.396740 3.400060 3.400000 
3.400000 3.395350 3.377050 3.360179 3.358299 3.369950 3.365079 3.358289 3.364299 3.347880 3.327980 3.337420 3.365130 3.378930 3.383870 3.387290 3.390540 3.393710 3.396880 3.400100 3.400000 
3.400000 3.396919 3.379020 3.365479 3.363999 3.373739 3.378970 3.380800 3.380459 3.364890 3.348210 3.351910 3.369840 3.382130 3.387530 3.390210 3.392330 3.394610 3.397240 3.400070 3.400000 
3.400000 3.398360 3.386070 3.377890 3.377510 3.383690 3.389170 3.391921 3.390240 3.380390 3.369900 3.369630 3.377920 3.385670 3.390130 3.392480 3.394150 3.395840 3.397810 3.399980 3.400000 
3.400000 3.399290 3.393180 3.389370 3.389400 3.392410 3.395480 3.397091 3.395960 3.391220 3.386070 3.385130 3.388220 3.391840 3.394310 3.395730 3.396720 3.397660 3.398740 3.399950 3.400000 
3.400000 3.400000 3.399290 3.398860 3.398890 3.399350 3.399780 3.400030 3.399940 3.399300 3.398700 3.398760 3.399320 3.399780 3.399950 3.399980 3.399970 3.399940 3.399950 3.400000 3.400000 
3.400000 3.400000 3.400000 3.400000 3.400000 3.400000 3.400000 3.400000 3.400000 3.400000 3.400000 3.400000 3.400000 3.400000 3.400000 3.400000 3.400000 3.400000 3.400000 3.400000 3.400000 
3.500000 3.500000 3.500000 3.500000 3.500000 3.500000 3.500000 3.500000 3.500000 3.500000 3.500000 3.500000 3.500000 3.500000 3.500000 3.500000 3.500000 3.500000 3.500000 3.500000 3.500000 
3.500000 3.500000 3.499720 3.499400 3.499040 3.498580 3.498050 3.497499 3.497580 3.499150 3.499180 3.498090 3.503430 3.503430 3.501420 3.500540 3.500170 3.500110 3.499990 3.500000 3.500000 
3.500000 3.499720 3.494320 3.489300 3.484840 3.481050 3.478250 3.477489 3.480769 3.488040 3.491380 3.493660 3.510340 3.513060 3.507510 3.503310 3.501050 3.500120 3.499910 3.499990 3.500000 
3.500000 3.499420 3.489800 3.480910 3.473100 3.466260 3.460510 3.457000 3.459770 3.471640 3.477440 3.480400 3.516730 3.519110 3.509570 3.503650 3.500720 3.499670 3.499620 3.499980 3.500000 
3.500000 3.499190 3.486940 3.475810 3.466190 3.457540 3.449600 3.444250 3.443000 3.447130 3.463489 3.476109 3.508250 3.508490 3.503890 3.500740 3.499170 3.498840 3.499210 3.499970 3.500000 
3.500000 3.499050 3.486209 3.474720 3.465180 3.456609 3.449380 3.450960 3.442760 3.421700 3.455510 3.479789 3.493699 3.494349 3.497020 3.497790 3.497910 3.498260 3.498980 3.499980 3.500000 
3.500000 3.499060 3.487279 3.476490 3.468160 3.458789 3.443480 3.445090 3.447850 3.424280 3.443360 3.460340 3.484280 3.492340 3.497140 3.498310 3.498290 3.498510 3.499130 3.500000 3.500000 
3.500000 3.498890 3.488860 3.476420 3.465510 3.453970 3.434290 3.421090 3.441390 3.432869 3.433830 3.439410 3.485070 3.505000 3.504530 3.501110 3.499480 3.499110 3.499440 3.500050 3.500000 
3.500000 3.499100 3.491980 3.473310 3.448200 3.439470 3.445220 3.428780 3.434989 3.436099 3.438549 3.442300 3.473700 3.491640 3.497310 3.498280 3.498670 3.499090 3.499580 3.500100 3.500000 
3.500000 3.501740 3.500770 3.490750 3.458280 3.431930 3.445590 3.424120 3.425950 3.416160 3.429770 3.430990 3.442690 3.459160 3.480580 3.491859 3.496500 3.498520 3.499480 3.500060 3.500000 
3.500000 3.501320 3.500940 3.494750 3.477460 3.456240 3.448750 3.422150 3.426230 3.414390 3.422250 3.423860 3.440780 3.460680 3.478560 3.489659 3.495290 3.498010 3.499320 3.500070 3.500000 
3.500000 3.499100 3.495460 3.484680 3.476159 3.460588 3.446798 3.412619 3.414570 3.398370 3.411410 3.412060 3.438709 3.458959 3.474409 3.486620 3.493570 3.497140 3.498950 3.500000 3.500000 
3.500000 3.500230 3.498950 3.496280 3.488089 3.458788 3.445177 3.421417 3.423278 3.415449 3.417880 3.411489 3.419599 3.434719 3.460009 3.480200 3.490730 3.495830 3.498420 3.499970 3.500000 
3.500000 3.502300 3.502860 3.505470 3.491260 3.455079 3.435038 3.413688 3.424369 3.410879 3.415080 3.410599 3.419099 3.432679 3.457229 3.478640 3.489660 3.495150 3.498100 3.499990 3.500000 
3.500000 3.498600 3.491740 3.482770 3.476200 3.473390 3.455489 3.435118 3.438489 3.424269 3.418640 3.430679 3.453409 3.464960 3.474980 3.485140 3.491710 3.495600 3.498150 3.500040 3.500000 
3.500000 3.497170 3.484720 3.470530 3.464860 3.470340 3.461899 3.449659 3.451889 3.439610 3.428640 3.442220 3.468220 3.480520 3.486420 3.490830 3.494090 3.496520 3.498400 3.500090 3.500000 
3.500000 3.498230 3.487000 3.477260 3.473640 3.477160 3.477499 3.475319 3.474039 3.464190 3.455910 3.462100 3.476990 3.486570 3.491260 3.493920 3.495760 3.497250 3.498680 3.500080 3.500000 
3.500000 3.499060 3.491560 3.486030 3.484510 3.486850 3.488840 3.489210 3.487530 3.481910 3.477050 3.478780 3.485340 3.490860 3.494090 3.495870 3.497030 3.498000 3.498990 3.500020 3.500000 
3.500000 3.499600 3.495920 3.493360 3.492850 3.494060 3.495350 3.495831 3.494950 3.492350 3.490030 3.490280 3.492720 3.495200 3.496850 3.497810 3.498400 3.498920 3.499430 3.499950 3.500000 
3.500000 3.500000 3.499600 3.499340 3.499280 3.499470 3.499650 3.499730 3.499640 3.499310 3.499060 3.499170 3.499530 3.499830 3.499960 3.500000 3.499990 3.499980 3.499950 3.500000 3.500000 
3.500000 3.500000 3.500000 3.500000 3.500000 3.500000 3.500000 3.500000 3.500000 3.500000 3.500000 3.500000 3.500000 3.500000 3.500000 3.500000 3.500000 3.500000 3.500000 3.500000 3.500000 
3.600000 3.600000 3.600000 3.600000 3.600000 3.600000 3.600000 3.600000 3.600000 3.600000 3.600000 3.600000 3.600000 3.600000 3.600000 3.600000 3.600000 3.600000 3.600000 3.600000 3.600000 
3.600000 3.600000 3.600000 3.600000 3.600000 3.600000 3.600000 3.600000 3.600000 3.600010 3.600020 3.600000 3.599990 3.600000 3.600000 3.600000 3.600000 3.600000 3.600000 3.600000 3.600000 
3.600000 3.600000 3.599720 3.599410 3.599040 3.598580 3.598050 3.597470 3.597300 3.599490 3.599300 3.595830 3.608450 3.606530 3.601410 3.600540 3.600170 3.600110 3.599990 3.600000 3.600000 
3.600000 3.600000 3.599420 3.598840 3.598150 3.597190 3.595590 3.590850 3.585690 3.594680 3.587200 3.567960 3.631830 3.616920 3.602160 3.600720 3.600270 3.600090 3.599980 3.600000 3.600000 
3.600000 3.600000 3.599180 3.598390 3.597470 3.595800 3.591490 3.580880 3.571680 3.564580 3.572599 3.573750 3.623150 3.604330 3.600690 3.600260 3.600030 3.599960 3.599970 3.600000 3.600000 
3.600000 3.600000 3.599050 3.598180 3.596940 3.594809 3.591179 3.597770 3.575040 3.508310 3.584540 3.609820 3.598869 3.590389 3.598590 3.599750 3.599880 3.599940 3.599980 3.600000 3.600000 
3.600000 3.600000 3.599099 3.598660 3.600210 3.599290 3.571160 3.578200 3.588470 3.543869 3.581860 3.577640 3.591610 3.588270 3.597370 3.599920 3.599980 3.600000 3.600000 3.600000 3.600000 
3.600000 3.599960 3.598400 3.595400 3.599610 3.591790 3.550760 3.519980 3.594260 3.579200 3.566110 3.531450 3.606310 3.620450 3.607020 3.601090 3.600290 3.600100 3.600040 3.600000 3.600000 
3.600000 3.599980 3.598680 3.578230 3.551040 3.559300 3.589080 3.569400 3.583220 3.582760 3.574570 3.566300 3.606030 3.612400 3.604630 3.600670 3.600190 3.600110 3.600100 3.600000 3.600000 
3.600000 3.600030 3.603790 3.607880 3.567620 3.527030 3.599690 3.562850 3.567210 3.524210 3.572299 3.571170 3.567230 3.566630 3.592990 3.599190 3.599830 3.600020 3.600040 3.600000 3.600000 
3.600000 3.600020 3.602300 3.605960 3.602750 3.591430 3.596340 3.550080 3.571779 3.556470 3.575250 3.566229 3.574560 3.586190 3.596200 3.599190 3.599730 3.599980 3.600070 3.600000 3.600000 
3.600000 3.600010 3.598200 3.582120 3.595550 3.596960 3.583430 3.515499 3.559230 3.530410 3.563740 3.533579 3.582810 3.594730 3.595390 3.598790 3.599570 3.599900 3.600000 3.600000 3.600000 
3.600000 3.599980 3.599310 3.602490 3.616160 3.575160 3.581070 3.559560 3.579180 3.574820 3.570140 3.554140 3.557589 3.560170 3.584690 3.597180 3.599140 3.599760 3.599970 3.600000 3.600000 
3.600000 3.600040 3.604690 3.623640 3.609920 3.548059 3.559010 3.539950 3.576010 3.531420 3.562000 3.548110 3.552819 3.553109 3.578290 3.596640 3.599050 3.599760 3.599990 3.600000 3.600000 
3.600000 3.599970 3.597290 3.586440 3.581500 3.604770 3.593640 3.568529 3.578480 3.556100 3.552280 3.575000 3.600100 3.596450 3.595030 3.598510 3.599510 3.599920 3.600040 3.600000 3.600000 
3.600000 3.599980 3.596040 3.582990 3.576340 3.593020 3.581690 3.560879 3.577530 3.570100 3.554960 3.571510 3.599720 3.600350 3.599430 3.599630 3.599900 3.600040 3.600100 3.600000 3.600000 
3.600000 3.600000 3.598220 3.595850 3.593020 3.594520 3.594470 3.593460 3.596290 3.591400 3.587120 3.590390 3.597680 3.599530 3.599840 3.599920 3.600010 3.600060 3.600080 3.600000 3.600000 
3.600000 3.600000 3.599060 3.598300 3.598020 3.598520 3.598990 3.599250 3.598970 3.597960 3.597170 3.597700 3.598910 3.599640 3.599900 3.599980 3.600010 3.600000 3.600020 3.600000 3.600000 
3.600000 3.600000 3.599600 3.599340 3.599280 3.599470 3.599650 3.599730 3.599640 3.599310 3.599060 3.599170 3.599530 3.599840 3.599960 3.600000 3.599990 3.599980 3.599950 3.600000 3.600000 
3.600000 3.600000 3.600000 3.600000 3.600000 3.600000 3.600000 3.600000 3.600000 3.600000 3.600000 3.600000 3.600000 3.600000 3.600000 3.600000 3.600000 3.600000 3.600000 3.600000 3.600000 
3.600000 3.600000 3.600000 3.600000 3.600000 3.600000 3.600000 3.600000 3.600000 3.600000 3.600000 3.600000 3.600000 3.600000 3.600000 3.600000 3.600000 3.600000 3.600000 3.600000 3.600000 
3.700000 3.700000 3.700000 3.700000 3.700000 3.700000 3.700000 3.700000 3.700000 3.700000 3.700000 3.700000 3.700000 3.700000 3.700000 3.700000 3.700000 3.700000 3.700000 3.700000 3.700000 
3.700000 3.700000 3.700000 3.700000 3.700000 3.700000 3.700000 3.700000 3.700000 3.700000 3.700000 3.700000 3.700000 3.700000 3.700000 3.700000 3.700000 3.700000 3.700000 3.700000 3.700000 
3.700000 3.700000 3.700000 3.700000 3.700000 3.700000 3.700000 3.700000 3.700000 3.700000 3.700000 3.700000 3.700000 3.700000 3.700000 3.700000 3.700000 3.700000 3.700000 3.700000 3.700000 
3.700000 3.700000 3.700000 3.700000 3.700000 3.700000 3.700000 3.700000 3.700000 3.700000 3.700000 3.700000 3.700000 3.700000 3.700000 3.700000 3.700000 3.700000 3.700000 3.700000 3.700000 
3.700000 3.700000 3.700000 3.700000 3.700000 3.700000 3.700000 3.700000 3.700000 3.700000 3.700000 3.700000 3.700000 3.700000 3.700000 3.700000 3.700000 3.700000 3.700000 3.700000 3.700000 
3.700000 3.700000 3.700000 3.700000 3.700000 3.700000 3.700000 3.700000 3.700000 3.700000 3.700000 3.700000 3.700000 3.700000 3.700000 3.700000 3.700000 3.700000 3.700000 3.700000 3.700000 
3.700000 3.700000 3.700000 3.700000 3.700000 3.700000 3.700000 3.700000 3.700000 3.700000 3.700000 3.700000 3.700000 3.700000 3.700000 3.700000 3.700000 3.700000 3.700000 3.700000 3.700000 
3.700000 3.700000 3.700000 3.700000 3.700000 3.700000 3.700000 3.700000 3.700000 3.700000 3.700000 3.700000 3.700000 3.700000 3.700000 3.700000 3.700000 3.700000 3.700000 3.700000 3.700000 
3.700000 3.700000 3.700000 3.700000 3.700000 3.700000 3.700000 3.700000 3.700000 3.700000 3.700000 3.700000 3.700000 3.700000 3.700000 3.700000 3.700000 3.700000 3.700000 3.700000 3.700000 
3.700000 3.700000 3.700000 3.700000 3.700000 3.700000 3.700000 3.700000 3.700000 3.700000 3.700000 3.700000 3.700000 3.700000 3.700000 3.700000 3.700000 3.700000 3.700000 3.700000 3.700000 
3.700000 3.700000 3.700000 3.700000 3.700000 3.700000 3.700000 3.700000 3.700000 3.700000 3.700000 3.700000 3.700000 3.700000 3.700000 3.700000 3.700000 3.700000 3.700000 3.700000 3.700000 
3.700000 3.700000 3.700000 3.700000 3.700000 3.700000 3.700000 3.700000 3.700000 3.700000 3.700000 3.700000 3.700000 3.700000 3.700000 3.700000 3.700000 3.700000 3.700000 3.700000 3.700000 
3.700000 3.700000 3.700000 3.700000 3.700000 3.700000 3.700000 3.700000 3.700000 3.700000 3.700000 3.700000 3.700000 3.700000 3.700000 3.700000 3.700000 3.700000 3.700000 3.700000 3.700000 
3.700000 3.700000 3.700000 3.700000 3.700000 3.700000 3.700000 3.700000 3.700000 3.700000 3.700000 3.700000 3.700000 3.700000 3.700000 3.700000 3.700000 3.700000 3.700000 3.700000 3.700000 
3.700000 3.700000 3.700000 3.700000 3.700000 3.700000 3.700000 3.700000 3.700000 3.700000 3.700000 3.700000 3.700000 3.700000 3.700000 3.700000 3.700000 3.700000 3.700000 3.700000 3.700000 
3.700000 3.700000 3.700000 3.700000 3.700000 3.700000 3.700000 3.700000 3.700000 3.700000 3.700000 3.700000 3.700000 3.700000 3.700000 3.700000 3.700000 3.700000 3.700000 3.700000 3.700000 
3.700000 3.700000 3.700000 3.700000 3.700000 3.700000 3.700000 3.700000 3.700000 3.700000 3.700000 3.700000 3.700000 3.700000 3.700000 3.700000 3.700000 3.700000 3.700000 3.700000 3.700000 
3.700000 3.700000 3.700000 3.700000 3.700000 3.700000 3.700000 3.700000 3.700000 3.700000 3.700000 3.700000 3.700000 3.700000 3.700000 3.700000 3.700000 3.700000 3.700000 3.700000 3.700000 
3.700000 3.700000 3.700000 3.700000 3.700000 3.700000 3.700000 3.700000 3.700000 3.700000 3.700000 3.700000 3.700000 3.700000 3.700000 3.700000 3.700000 3.700000 3.700000 3.700000 3.700000 
3.700000 3.700000 3.700000 3.700000 3.700000 3.700000 3.700000 3.700000 3.700000 3.700000 3.700000 3.700000 3.700000 3.700000 3.700000 3.700000 3.700000 3.700000 3.700000 3.700000 3.700000 
3.700000 3.700000 3.700000 3.700000 3.700000 3.700000 3.700000 3.700000 3.700000 3.700000 3.700000 3.700000 3.700000 3.700000 3.700000 3.700000 3.700000 3.700000 3.700000 3.700000 3.700000 
