2.4293
2.4293
2.4293
2.4293
2.4293
2.4293
2.4293
2.4293
2.4293
2.4293
2.4293
2.4293
2.4293
2.4293
2.4293
2.4293
2.4293
2.4293
2.4293
2.4293
2.4293
2.4293
2.4293
2.42927
2.42926
2.42744
2.42929
2.43032
2.42933
2.42932
2.42941
2.42844
2.42926
2.42926
2.42927
2.42931
2.4293
2.42931
2.4293
2.4293
2.4293
2.4293
2.4293
2.4293
2.36076
2.20633
2.29173
2.71714
2.46339
2.49781
2.11903
2.60059
2.27564
2.25746
2.54558
2.12038
2.69458
2.44339
2.43427
2.43115
2.42996
2.4293
2.4293
2.4293
2.43027
2.29898
2.56216
3.13262
2.30369
2.05376
2.48623
2.80854
2.68795
2.39765
2.39681
2.10893
2.53529
2.48049
2.43844
2.43429
2.4313
2.43028
2.4293
2.4293
2.4293
2.42935
2.57805
1.99409
2.38633
2.72025
1.76948
1.96939
3.05507
2.30729
1.91307
2.53227
1.9664
2.2609
2.49584
2.43924
2.43505
2.43134
2.43029
2.4293
2.4293
2.4293
2.42931
2.58431
2.16235
2.0594
2.64561
2.11038
2.76903
2.59503
2.19894
2.582
2.32764
2.40027
2.41589
2.57504
2.44367
2.43637
2.43236
2.43031
2.4293
2.4293
2.4293
2.42832
2.07868
2.8977
2.46761
2.16642
2.45741
2.24709
2.24419
2.41303
3.02012
2.73169
2.66182
2.5368
2.7764
2.4537
2.43663
2.43142
2.43039
2.4293
2.4293
2.4293
2.42818
2.3809
2.23419
3.17421
2.87063
2.79004
2.78986
1.98391
2.38552
2.28337
2.5271
2.53765
2.60763
2.31157
2.42874
2.42994
2.42975
2.42944
2.4293
2.4293
2.4293
2.42917
2.45244
2.50428
2.37655
2.68673
2.30176
2.08848
2.91246
2.54371
2.54596
2.83706
2.08279
2.52271
2.30063
2.41897
2.42658
2.42843
2.42939
2.4293
2.4293
2.4293
2.42935
2.46526
2.58675
2.66678
2.32788
2.79006
2.22922
2.16628
2.17371
1.89368
2.37992
2.4116
1.91182
2.52756
2.41717
2.42522
2.42829
2.42926
2.4293
2.4293
2.4293
2.4293
2.4804
2.10691
2.53968
1.90612
2.57484
2.67455
1.97594
2.91394
1.91633
2.26216
2.57719
2.54466
2.25739
2.42318
2.42729
2.42832
2.42834
2.4293
2.4293
2.4293
2.4293
2.49439
2.5369
2.04501
2.66294
1.92791
2.352
2.41066
2.66258
2.45329
2.20927
2.43725
2.31851
2.85202
2.44648
2.43163
2.42938
2.42833
2.4293
2.4293
2.4293
2.42929
1.96712
2.2953
2.63635
2.75725
2.35608
2.61974
2.26848
2.06989
2.28383
2.3143
2.90557
2.11936
2.37058
2.42688
2.42833
2.42829
2.4283
2.4293
2.4293
2.4293
2.42941
2.14423
2.7821
2.51633
2.37785
2.55736
2.22663
2.48264
2.54115
2.60688
2.74657
1.99188
3.29466
2.15701
2.42067
2.42585
2.42714
2.4282
2.4293
2.4293
2.4293
2.43032
3.00069
2.63873
2.43706
2.22477
2.63258
2.89834
2.64406
2.34361
2.55029
2.95608
2.55471
2.52568
2.61515
2.4298
2.42637
2.42704
2.42822
2.4293
2.4293
2.4293
2.4303
2.01897
2.36253
2.50602
3.12912
2.42822
2.27925
2.65334
2.40194
2.385
2.05265
2.2915
2.69404
1.74688
2.39789
2.42073
2.42687
2.42823
2.4293
2.4293
2.4293
2.43028
2.3572
2.04704
2.68619
2.07192
2.84011
2.17377
2.4809
2.07128
2.37446
2.67811
2.24416
2.42856
2.50527
2.42562
2.42584
2.42799
2.42917
2.4293
2.4293
2.4293
2.42931
2.41402
2.41026
2.43449
2.42049
2.44147
2.41608
2.42554
2.41682
2.43421
2.44034
2.42528
2.42446
2.42875
2.42794
2.42802
2.42907
2.42919
2.4293
2.4293
2.4293
2.42931
2.42453
2.42426
2.42878
2.42775
2.43019
2.42579
2.4273
2.42767
2.43139
2.43285
2.42914
2.42896
2.42901
2.42908
2.42917
2.42918
2.42929
2.4293
2.4293
2.4293
2.4293
2.4293
2.4293
2.4293
2.4293
2.4293
2.42929
2.4293
2.42929
2.4293
2.4293
2.4293
2.4293
2.4293
2.4293
2.4293
2.4293
2.4293
2.4293
2.4293
2.4293
2.4293
2.4293
2.4293
2.4293
2.4293
2.4293
2.4293
2.4293
2.4293
2.4293
2.4293
2.4293
2.4293
2.4293
2.4293
2.4293
2.4293
2.4293
2.4293
2.4293
2.4373
2.4373
2.4373
2.4373
2.4373
2.4373
2.4373
2.4373
2.4373
2.4373
2.4373
2.4373
2.4373
2.4373
2.4373
2.4373
2.4373
2.4373
2.4373
2.4373
2.4373
2.4373
2.43727
2.4122
2.40315
2.37845
2.44938
2.43582
2.44674
2.44405
2.4511
2.3877
2.39065
2.43076
2.38013
2.48858
2.45137
2.44238
2.43834
2.43826
2.4373
2.4373
2.4373
2.41423
2.37353
2.3444
2.37978
2.46713
2.40815
2.46778
2.46233
2.49997
2.33773
2.29257
2.33716
2.30363
2.52149
2.4854
2.46477
2.45226
2.44448
2.43735
2.4373
2.4373
2.44507
2.41425
2.46366
2.61999
2.37919
2.25538
2.48943
2.68722
2.59371
2.37649
2.29092
2.14275
2.33623
2.46591
2.48318
2.4741
2.46076
2.4486
2.43827
2.4373
2.4373
2.47391
2.45128
2.2155
2.34504
2.39185
2.14177
2.326
2.69438
2.43389
2.23783
2.40026
2.2257
2.38433
2.49982
2.50145
2.48455
2.46613
2.45126
2.43829
2.4373
2.4373
2.45889
2.4551
2.33773
2.28427
2.40971
2.27477
2.50543
2.53964
2.44474
2.49568
2.49711
2.47948
2.51501
2.58449
2.5325
2.49459
2.46897
2.4519
2.4384
2.4373
2.4373
2.39456
2.36895
2.63171
2.54287
2.43574
2.46563
2.42167
2.37531
2.49071
2.78042
2.69103
2.66443
2.64399
2.67949
2.55006
2.49244
2.46509
2.44923
2.43839
2.4373
2.4373
2.36665
2.37276
2.52713
2.81882
2.75199
2.63938
2.48448
2.26961
2.33472
2.47246
2.60653
2.58112
2.59514
2.47306
2.46684
2.45746
2.44943
2.4432
2.43744
2.4373
2.4373
2.43495
2.46876
2.6068
2.62702
2.62437
2.44971
2.2974
2.47755
2.35674
2.37834
2.52125
2.31159
2.46403
2.37376
2.40711
2.42601
2.43366
2.43616
2.43739
2.4373
2.4373
2.43196
2.46949
2.5657
2.59665
2.46376
2.55167
2.30476
2.19215
2.11213
1.9741
2.23356
2.27571
2.20822
2.34163
2.38494
2.41155
2.42511
2.43177
2.43727
2.4373
2.4373
2.44379
2.45082
2.38311
2.49975
2.36374
2.48959
2.44003
2.19049
2.36314
2.03756
2.20929
2.34973
2.36916
2.37118
2.40706
2.41828
2.42465
2.43036
2.43725
2.4373
2.4373
2.45038
2.43245
2.45344
2.38908
2.51303
2.30569
2.40468
2.38849
2.46812
2.32475
2.28849
2.41266
2.39508
2.56568
2.46925
2.43565
2.42797
2.43031
2.43635
2.4373
2.4373
2.3153
2.23716
2.46013
2.58503
2.6594
2.49376
2.54023
2.43316
2.3751
2.37266
2.45392
2.63522
2.44275
2.44652
2.43531
2.42594
2.42451
2.42875
2.43632
2.4373
2.4373
2.38105
2.39368
2.65329
2.66429
2.61433
2.63841
2.55156
2.57675
2.5575
2.60593
2.6567
2.50213
2.73215
2.42675
2.41608
2.41574
2.42018
2.42739
2.43621
2.4373
2.4373
2.58795
2.71204
2.6872
2.68333
2.64992
2.77326
2.78785
2.72546
2.57522
2.63761
2.75329
2.6093
2.56489
2.47326
2.41238
2.40892
2.41697
2.42647
2.43622
2.4373
2.4373
2.37512
2.34262
2.44581
2.66179
2.81439
2.67513
2.56852
2.64126
2.51469
2.45604
2.37688
2.3737
2.49795
2.19947
2.33644
2.39011
2.41331
2.42646
2.43623
2.4373
2.4373
2.4018
2.33878
2.32579
2.5803
2.49587
2.66346
2.44596
2.50079
2.36521
2.44547
2.49045
2.36205
2.41302
2.3996
2.39493
2.40789
2.41997
2.42919
2.43717
2.4373
2.4373
2.42334
2.38759
2.39306
2.47329
2.46932
2.51016
2.44804
2.45047
2.42483
2.45587
2.46657
2.42467
2.42328
2.42243
2.41969
2.42237
2.42746
2.43233
2.43718
2.4373
2.4373
2.43325
2.41672
2.41919
2.44264
2.44765
2.45679
2.44024
2.4392
2.43796
2.44999
2.4532
2.43965
2.43408
2.4324
2.43078
2.43113
2.4332
2.43519
2.43729
2.4373
2.4373
2.4373
2.43252
2.43185
2.43667
2.43564
2.43828
2.43379
2.43529
2.43474
2.43948
2.44085
2.43755
2.43685
2.437
2.43709
2.43717
2.43719
2.43729
2.4373
2.4373
2.4373
2.4373
2.4373
2.4373
2.4373
2.4373
2.4373
2.4373
2.4373
2.4373
2.4373
2.4373
2.4373
2.4373
2.4373
2.4373
2.4373
2.4373
2.4373
2.4373
2.4373
2.4455
2.4455
2.4455
2.4455
2.4455
2.4455
2.4455
2.4455
2.4455
2.4455
2.4455
2.4455
2.4455
2.4455
2.4455
2.4455
2.4455
2.4455
2.4455
2.4455
2.4455
2.4455
2.44545
2.41832
2.41014
2.36917
2.45367
2.44634
2.44549
2.47361
2.45785
2.39942
2.3974
2.42979
2.4015
2.48388
2.45963
2.45154
2.44751
2.4465
2.4455
2.4455
2.4455
2.42245
2.38895
2.36662
2.36382
2.41782
2.40443
2.47309
2.53558
2.50226
2.37371
2.31306
2.31897
2.34424
2.48771
2.49509
2.4824
2.46794
2.45671
2.44648
2.4455
2.4455
2.4721
2.44577
2.4329
2.49934
2.36388
2.33201
2.52574
2.65708
2.58524
2.41996
2.31285
2.17629
2.33037
2.45508
2.50172
2.49892
2.48187
2.46381
2.44653
2.4455
2.4455
2.48373
2.44149
2.25619
2.32485
2.36305
2.30307
2.41782
2.61242
2.46344
2.34487
2.45804
2.3419
2.45871
2.51723
2.53151
2.51543
2.49075
2.46811
2.44736
2.4455
2.4455
2.45872
2.44559
2.39622
2.34415
2.3898
2.35211
2.48294
2.50533
2.50005
2.49813
2.55168
2.52918
2.54774
2.58674
2.56319
2.52656
2.49419
2.46844
2.44747
2.4455
2.4455
2.41352
2.42839
2.61323
2.55399
2.47193
2.4761
2.44428
2.39833
2.50805
2.73219
2.6598
2.6511
2.65159
2.66439
2.57806
2.5213
2.48646
2.46477
2.44735
2.4455
2.4455
2.34561
2.37315
2.57987
2.72403
2.67638
2.5631
2.41768
2.31001
2.32805
2.47045
2.58016
2.57401
2.60204
2.51178
2.49109
2.4763
2.46397
2.45468
2.44656
2.4455
2.4455
2.43678
2.47639
2.6546
2.64313
2.58116
2.43788
2.31594
2.4105
2.30107
2.32788
2.44567
2.34036
2.50024
2.4052
2.41525
2.43133
2.44012
2.44345
2.44559
2.4455
2.4455
2.43497
2.47069
2.57566
2.59473
2.47452
2.51258
2.33678
2.21403
2.09895
1.98873
2.22191
2.27138
2.28046
2.32114
2.37282
2.40615
2.4247
2.43575
2.44453
2.4455
2.4455
2.45459
2.46807
2.46076
2.56499
2.50742
2.52306
2.42491
2.21689
2.2687
2.05996
2.23491
2.30085
2.34556
2.37552
2.39863
2.41172
2.42196
2.4324
2.44449
2.4455
2.4455
2.45612
2.45383
2.5007
2.50745
2.56921
2.41999
2.45264
2.41633
2.45598
2.33197
2.3305
2.39671
2.39799
2.51127
2.45969
2.43072
2.42502
2.4314
2.44448
2.4455
2.4455
2.34156
2.33728
2.53465
2.61417
2.66453
2.53476
2.55939
2.50449
2.46283
2.40848
2.47826
2.57814
2.47659
2.45924
2.43348
2.42089
2.42049
2.42935
2.44344
2.4455
2.4455
2.395
2.46186
2.66158
2.72058
2.69315
2.70688
2.64549
2.63759
2.58923
2.60096
2.62775
2.55254
2.60963
2.46058
2.41849
2.41053
2.41567
2.42775
2.44334
2.4455
2.4455
2.6021
2.69498
2.70932
2.7655
2.76675
2.85558
2.81455
2.77307
2.64193
2.66046
2.72695
2.61745
2.51914
2.46375
2.41041
2.40313
2.4129
2.42753
2.44418
2.4455
2.4455
2.41656
2.44441
2.49937
2.71253
2.79196
2.74777
2.65607
2.68197
2.58631
2.50036
2.44615
2.39537
2.46649
2.3026
2.34787
2.38626
2.41059
2.42844
2.4442
2.4455
2.4455
2.42074
2.38335
2.41105
2.60862
2.58493
2.67003
2.52115
2.55076
2.48187
2.50917
2.49375
2.40757
2.42492
2.40423
2.39567
2.40627
2.42039
2.43322
2.44506
2.4455
2.4455
2.42942
2.39724
2.41273
2.49718
2.50287
2.5321
2.4722
2.47793
2.47028
2.49859
2.49629
2.4526
2.43818
2.42939
2.42324
2.42497
2.43128
2.43818
2.44528
2.4455
2.4455
2.4397
2.42096
2.42551
2.45436
2.46143
2.4688
2.45023
2.45304
2.45965
2.47579
2.47731
2.4595
2.44754
2.44119
2.43751
2.4372
2.4394
2.44239
2.44538
2.4455
2.4455
2.4455
2.43966
2.43846
2.44406
2.4424
2.44524
2.43967
2.4424
2.44426
2.45069
2.45198
2.44769
2.44493
2.4449
2.44499
2.44516
2.44528
2.44538
2.4455
2.4455
2.4455
2.4455
2.4455
2.4455
2.4455
2.4455
2.4455
2.4455
2.4455
2.4455
2.4455
2.4455
2.4455
2.4455
2.4455
2.4455
2.4455
2.4455
2.4455
2.4455
2.4455
2.4537
2.4537
2.4537
2.4537
2.4537
2.4537
2.4537
2.4537
2.4537
2.4537
2.4537
2.4537
2.4537
2.4537
2.4537
2.4537
2.4537
2.4537
2.4537
2.4537
2.4537
2.4537
2.45273
2.42652
2.41962
2.3786
2.45701
2.45858
2.44839
2.48207
2.4669
2.42008
2.41226
2.43645
2.42413
2.47865
2.46591
2.46025
2.45582
2.45473
2.4537
2.4537
2.4537
2.4325
2.40114
2.37853
2.36846
2.41518
2.41637
2.47724
2.54506
2.51566
2.41934
2.35644
2.3517
2.38335
2.47936
2.49829
2.4926
2.48007
2.46694
2.4547
2.4537
2.4537
2.48724
2.45894
2.42627
2.46889
2.37883
2.38946
2.54538
2.62731
2.58398
2.47787
2.3791
2.25944
2.37676
2.45796
2.50933
2.51199
2.49542
2.47608
2.45566
2.4537
2.4537
2.48858
2.44524
2.29334
2.34566
2.40525
2.42168
2.46916
2.565
2.47002
2.41962
2.52465
2.43379
2.51142
2.52454
2.53926
2.5284
2.50491
2.4803
2.4558
2.4537
2.4537
2.46054
2.44817
2.43043
2.38547
2.41382
2.423
2.49282
2.47617
2.50104
2.50432
2.57139
2.54195
2.54186
2.56456
2.55974
2.53485
2.50575
2.47974
2.45581
2.4537
2.4537
2.42195
2.43815
2.59595
2.54098
2.465
2.47015
2.44354
2.39342
2.49935
2.67974
2.60446
2.59503
2.60378
2.62188
2.56834
2.52646
2.49688
2.47423
2.45587
2.4537
2.4537
2.34534
2.36933
2.57284
2.64434
2.59229
2.49566
2.3883
2.33586
2.34773
2.44376
2.51374
2.52188
2.57408
2.51157
2.49621
2.48365
2.47257
2.4633
2.45488
2.4537
2.4537
2.44141
2.47273
2.64436
2.59377
2.50712
2.40737
2.33808
2.42337
2.32137
2.33157
2.42045
2.3555
2.52184
2.43388
2.42885
2.43906
2.44654
2.45072
2.45378
2.4537
2.4537
2.44397
2.46904
2.56436
2.57269
2.44719
2.49752
2.38829
2.27668
2.15675
2.06664
2.28256
2.31804
2.33791
2.34334
2.37991
2.40844
2.42738
2.44042
2.4528
2.4537
2.4537
2.45948
2.47864
2.49312
2.60121
2.56816
2.55505
2.44741
2.25597
2.29016
2.13368
2.30555
2.32481
2.3645
2.38487
2.39748
2.4088
2.42091
2.43477
2.45183
2.4537
2.4537
2.46272
2.48086
2.54627
2.57197
2.61316
2.47184
2.47537
2.44007
2.48093
2.37155
2.37097
2.39698
2.4036
2.49158
2.44866
2.42381
2.42156
2.43256
2.45179
2.4537
2.4537
2.38088
2.4056
2.57437
2.62007
2.64104
2.52404
2.55182
2.52174
2.48497
2.42162
2.46986
2.52204
2.46043
2.45163
2.42514
2.41398
2.41667
2.43012
2.45146
2.4537
2.4537
2.41809
2.49844
2.65577
2.70104
2.674
2.69911
2.65561
2.63296
2.5693
2.5665
2.58411
2.51503
2.53075
2.45155
2.41477
2.40681
2.41374
2.42958
2.45149
2.4537
2.4537
2.5943
2.68521
2.68619
2.74254
2.75539
2.84406
2.79206
2.75337
2.63318
2.63756
2.68975
2.58037
2.46756
2.45363
2.41352
2.40516
2.41474
2.43161
2.45236
2.4537
2.4537
2.45761
2.50176
2.51947
2.69996
2.75421
2.74082
2.65493
2.67771
2.60488
2.50976
2.46065
2.39939
2.44895
2.35613
2.37489
2.3977
2.41714
2.43508
2.45242
2.4537
2.4537
2.44749
2.43085
2.45452
2.61763
2.59751
2.65162
2.52637
2.56452
2.54032
2.54509
2.50821
2.44263
2.45068
2.42875
2.41521
2.41886
2.42934
2.4413
2.45338
2.4537
2.4537
2.44038
2.41775
2.43243
2.50623
2.50793
2.52353
2.46984
2.48887
2.50684
2.53561
2.52722
2.48806
2.46598
2.44876
2.43883
2.43727
2.44113
2.44708
2.45349
2.4537
2.4537
2.44813
2.43112
2.43487
2.46053
2.46451
2.46694
2.44988
2.46091
2.48029
2.50163
2.50269
2.48496
2.46794
2.45593
2.44973
2.44747
2.44868
2.45092
2.45359
2.4537
2.4537
2.4537
2.44806
2.44664
2.45208
2.44997
2.4512
2.44566
2.44964
2.45497
2.462
2.46309
2.45871
2.45492
2.45314
2.45312
2.45328
2.4535
2.45359
2.4537
2.4537
2.4537
2.4537
2.4537
2.4537
2.4537
2.4537
2.4537
2.4537
2.4537
2.4537
2.4537
2.4537
2.4537
2.4537
2.4537
2.4537
2.4537
2.4537
2.4537
2.4537
2.4537
2.4621
2.4621
2.4621
2.4621
2.4621
2.4621
2.4621
2.4621
2.4621
2.4621
2.4621
2.4621
2.4621
2.4621
2.4621
2.4621
2.4621
2.4621
2.4621
2.4621
2.4621
2.4621
2.46111
2.43381
2.42965
2.39384
2.46253
2.46829
2.45284
2.48343
2.4766
2.43829
2.42811
2.44666
2.44261
2.47873
2.47275
2.46906
2.46422
2.46416
2.4621
2.4621
2.4621
2.44078
2.40933
2.39203
2.38875
2.42873
2.4312
2.47746
2.53753
2.52731
2.46106
2.40178
2.39499
2.42138
2.48157
2.50198
2.50038
2.48917
2.47706
2.46323
2.4621
2.4621
2.49739
2.46791
2.43485
2.47703
2.4144
2.4392
2.55588
2.59674
2.58094
2.52972
2.44448
2.3463
2.43069
2.46372
2.51207
2.51838
2.50429
2.48521
2.4642
2.4621
2.4621
2.49261
2.45124
2.32935
2.38288
2.46475
2.51692
2.50612
2.52562
2.46352
2.46834
2.57336
2.50339
2.54763
2.52013
2.53424
2.52951
2.51075
2.48833
2.46423
2.4621
2.4621
2.46521
2.44897
2.45311
2.41762
2.44444
2.48438
2.50831
2.45123
2.48381
2.49857
2.56795
2.52939
2.51298
2.52438
2.53665
2.52856
2.50821
2.48671
2.46423
2.4621
2.4621
2.42503
2.42861
2.57208
2.51698
2.44571
2.45897
2.44163
2.38512
2.48266
2.62554
2.53686
2.51653
2.52893
2.55937
2.53861
2.5175
2.4975
2.48021
2.46427
2.4621
2.4621
2.3488
2.35346
2.54166
2.56701
2.51099
2.43953
2.37645
2.36605
2.37606
2.42058
2.44013
2.45093
2.5239
2.48808
2.48646
2.48256
2.47602
2.46931
2.46328
2.4621
2.4621
2.44825
2.46082
2.60973
2.52362
2.42248
2.37812
2.37213
2.4708
2.37794
2.36389
2.41587
2.36649
2.53173
2.45531
2.44075
2.44571
2.45224
2.45675
2.46227
2.4621
2.4621
2.45255
2.46032
2.53769
2.53167
2.40071
2.48575
2.44729
2.35642
2.2465
2.16891
2.36776
2.38074
2.39193
2.37601
2.39437
2.415
2.43189
2.44566
2.46086
2.4621
2.4621
2.46086
2.4765
2.49871
2.6073
2.58566
2.5732
2.47355
2.29994
2.3445
2.22379
2.38919
2.37475
2.39722
2.40369
2.40286
2.40941
2.42183
2.43819
2.45925
2.4621
2.4621
2.47108
2.49756
2.57005
2.59653
2.62144
2.48321
2.47605
2.44801
2.50542
2.41278
2.40986
2.40654
2.41515
2.48833
2.4434
2.41879
2.41903
2.43422
2.45919
2.4621
2.4621
2.41081
2.44666
2.58347
2.59123
2.58094
2.4724
2.51048
2.49775
2.46988
2.41565
2.45003
2.46979
2.43697
2.44239
2.41575
2.40702
2.41339
2.43146
2.45907
2.4621
2.4621
2.43886
2.51589
2.627
2.63486
2.59636
2.63332
2.60991
2.57701
2.51151
2.51513
2.53403
2.45808
2.46593
2.43297
2.4073
2.40323
2.41321
2.43253
2.45893
2.4621
2.4621
2.58937
2.67165
2.63553
2.66751
2.68074
2.77443
2.72418
2.687
2.58174
2.59049
2.64106
2.52904
2.42129
2.44114
2.41764
2.41089
2.42016
2.4376
2.45985
2.4621
2.4621
2.48877
2.53542
2.50954
2.65157
2.68715
2.68379
2.60089
2.63215
2.5821
2.48659
2.44442
2.38845
2.43602
2.39327
2.40337
2.41573
2.42926
2.44452
2.46074
2.4621
2.4621
2.47068
2.46637
2.4717
2.60334
2.5726
2.60186
2.48825
2.54254
2.55678
2.55254
2.51063
2.4674
2.48052
2.4612
2.44411
2.44019
2.44488
2.45284
2.46182
2.4621
2.4621
2.45174
2.43518
2.44151
2.50013
2.49015
2.49111
2.4415
2.47804
2.52405
2.56
2.55381
2.52394
2.50009
2.47688
2.46297
2.45654
2.45639
2.45892
2.46193
2.4621
2.4621
2.45735
2.44058
2.44058
2.4595
2.45682
2.45275
2.43727
2.45894
2.49385
2.52311
2.52743
2.51251
2.49288
2.47627
2.46693
2.46236
2.46151
2.46179
2.46201
2.4621
2.4621
2.4621
2.45658
2.4551
2.45916
2.45657
2.45638
2.45086
2.457
2.46503
2.47341
2.47422
2.47088
2.46585
2.46233
2.46249
2.46173
2.46194
2.46201
2.4621
2.4621
2.4621
2.4621
2.4621
2.4621
2.4621
2.4621
2.4621
2.4621
2.4621
2.4621
2.4621
2.4621
2.4621
2.4621
2.4621
2.4621
2.4621
2.4621
2.4621
2.4621
2.4621
2.4707
2.4707
2.4707
2.4707
2.4707
2.4707
2.4707
2.4707
2.4707
2.4707
2.4707
2.4707
2.4707
2.4707
2.4707
2.4707
2.4707
2.4707
2.4707
2.4707
2.4707
2.4707
2.46869
2.42854
2.42494
2.37896
2.47056
2.49064
2.45355
2.48772
2.48647
2.43972
2.42922
2.45215
2.4511
2.48622
2.4828
2.47915
2.47271
2.47286
2.4707
2.4707
2.4707
2.44128
2.40959
2.40034
2.40756
2.44682
2.44205
2.4707
2.52445
2.53529
2.49098
2.433
2.43062
2.45042
2.48736
2.50837
2.5083
2.49729
2.48596
2.47269
2.4707
2.4707
2.52314
2.47992
2.4517
2.50848
2.45102
2.47667
2.56524
2.56662
2.57808
2.57519
2.49265
2.40912
2.47594
2.46266
2.51263
2.5225
2.50994
2.49343
2.47367
2.4707
2.4707
2.51415
2.4609
2.35009
2.41761
2.5271
2.6044
2.53125
2.48648
2.44162
2.49062
2.60899
2.55467
2.57832
2.50558
2.52243
2.52579
2.5127
2.49528
2.47369
2.4707
2.4707
2.47134
2.44683
2.47071
2.43874
2.4704
2.53878
2.52924
2.42708
2.46299
2.47621
2.55052
2.50147
2.4683
2.4716
2.50435
2.51468
2.5052
2.49135
2.47285
2.4707
2.4707
2.40564
2.40394
2.55573
2.49165
2.41708
2.44739
2.44674
2.37469
2.46614
2.58872
2.46392
2.42937
2.44125
2.49008
2.50051
2.5017
2.49338
2.48396
2.47275
2.4707
2.4707
2.30392
2.31061
2.50519
2.49984
2.44259
2.39698
2.37539
2.39673
2.40029
2.39857
2.36595
2.37283
2.46693
2.44932
2.46796
2.4759
2.47594
2.47419
2.47105
2.4707
2.4707
2.45126
2.44352
2.582
2.44915
2.33514
2.35019
2.40976
2.54356
2.45027
2.41167
2.42417
2.36435
2.54916
2.47107
2.44953
2.45147
2.45747
2.46318
2.47025
2.4707
2.4707
2.4617
2.44402
2.50634
2.48578
2.33348
2.47915
2.50955
2.43868
2.34015
2.25992
2.46191
2.4462
2.44062
2.40562
2.40983
2.42329
2.43817
2.45166
2.46872
2.4707
2.4707
2.45969
2.46284
2.48295
2.60312
2.58535
2.58763
2.49769
2.32528
2.40526
2.29796
2.47976
2.42947
2.43333
2.42625
2.41093
2.41307
2.42493
2.44228
2.46684
2.4707
2.4707
2.4805
2.50483
2.57928
2.59405
2.60944
2.46393
2.46512
2.44186
2.5305
2.45167
2.44977
2.42082
2.43023
2.50509
2.44571
2.41722
2.41884
2.43649
2.46656
2.4707
2.4707
2.42088
2.45994
2.5742
2.53544
2.49607
2.38553
2.44672
2.44791
2.43236
2.39517
2.42795
2.42944
2.41846
2.43961
2.40777
2.40114
2.41164
2.4334
2.46573
2.4707
2.4707
2.45167
2.51867
2.58726
2.54807
2.48841
2.53961
2.53124
2.49082
2.4332
2.46072
2.48769
2.39786
2.4185
2.41742
2.39896
2.39998
2.41407
2.43636
2.46644
2.4707
2.4707
2.63524
2.67564
2.57278
2.57278
2.58052
2.6889
2.63772
2.60444
2.51013
2.53968
2.60736
2.4856
2.37895
2.43443
2.42336
2.41814
2.42751
2.44522
2.46832
2.4707
2.4707
2.53994
2.56422
2.47413
2.59009
2.60794
2.60298
2.51625
2.5673
2.53791
2.43569
2.40502
2.36181
2.43035
2.4223
2.43037
2.43579
2.44448
2.45576
2.47027
2.4707
2.4707
2.50655
2.49499
2.46955
2.58214
2.52596
2.53903
2.42029
2.49926
2.54956
2.54318
2.50194
2.48501
2.51607
2.49948
2.47728
2.46552
2.46384
2.46673
2.47139
2.4707
2.4707
2.46161
2.44568
2.43856
2.48373
2.45583
2.44444
2.3935
2.4498
2.52587
2.57559
2.57777
2.56068
2.537
2.50939
2.49174
2.48027
2.47541
2.47301
2.4715
2.4707
2.4707
2.46512
2.447
2.44091
2.45224
2.44066
2.4303
2.41533
2.4482
2.49989
2.5405
2.55137
2.54119
2.5193
2.49882
2.4872
2.47985
2.47651
2.47408
2.47156
2.4707
2.4707
2.4707
2.46365
2.46173
2.46543
2.46131
2.45977
2.45317
2.46167
2.47376
2.48583
2.4875
2.48423
2.47724
2.47203
2.47203
2.47123
2.47143
2.47156
2.4707
2.4707
2.4707
2.4707
2.4707
2.4707
2.4707
2.4707
2.4707
2.4707
2.4707
2.4707
2.4707
2.4707
2.4707
2.4707
2.4707
2.4707
2.4707
2.4707
2.4707
2.4707
2.4707
2.4931
2.4931
2.4931
2.4931
2.4931
2.4931
2.4931
2.4931
2.4931
2.4931
2.4931
2.4931
2.4931
2.4931
2.4931
2.4931
2.4931
2.4931
2.4931
2.4931
2.4931
2.4931
2.48914
2.44257
2.43727
2.39716
2.48861
2.52134
2.47131
2.50049
2.50785
2.45927
2.44804
2.46987
2.47403
2.50332
2.50511
2.50401
2.4951
2.4971
2.4931
2.4931
2.4931
2.45958
2.4276
2.42786
2.44827
2.47759
2.46725
2.47892
2.5196
2.55018
2.52762
2.4737
2.47352
2.48753
2.50293
2.52596
2.52872
2.51808
2.5086
2.49607
2.4931
2.4931
2.55188
2.49734
2.47764
2.54262
2.5018
2.52315
2.57277
2.54151
2.57735
2.61298
2.5371
2.48284
2.52393
2.4755
2.52497
2.53801
2.52798
2.51487
2.49706
2.4931
2.4931
2.54035
2.47651
2.39379
2.46527
2.58413
2.67483
2.56206
2.46354
2.44368
2.51879
2.62166
2.59688
2.59838
2.49797
2.51986
2.53259
2.52561
2.514
2.49615
2.4931
2.4931
2.48869
2.4554
2.49239
2.46967
2.50364
2.59169
2.55652
2.43038
2.4602
2.46981
2.53041
2.48128
2.43865
2.43562
2.48506
2.51266
2.51381
2.50797
2.49546
2.4931
2.4931
2.40311
2.39717
2.53973
2.47884
2.41113
2.45407
2.47271
2.3974
2.46281
2.54786
2.41319
2.36705
2.37484
2.43337
2.47515
2.49837
2.50115
2.49952
2.4941
2.4931
2.4931
2.29708
2.3056
2.48318
2.45546
2.40192
2.38762
2.4083
2.44757
2.441
2.40347
2.32635
2.32542
2.42537
2.42711
2.46294
2.48311
2.48933
2.49164
2.49323
2.4931
2.4931
2.47006
2.44722
2.55825
2.40684
2.29232
2.3609
2.47051
2.60927
2.53052
2.47447
2.44793
2.39049
2.56094
2.49651
2.47163
2.47217
2.4775
2.48315
2.49213
2.4931
2.4931
2.48542
2.44902
2.4935
2.46223
2.31128
2.48571
2.5718
2.52746
2.45543
2.38185
2.55476
2.51885
2.50104
2.45456
2.4429
2.44856
2.46059
2.47289
2.49109
2.4931
2.4931
2.46909
2.46237
2.48513
2.59739
2.57974
2.59653
2.52825
2.37984
2.4722
2.39464
2.56596
2.4992
2.48255
2.46745
2.43802
2.43387
2.44524
2.46224
2.48896
2.4931
2.4931
2.50024
2.51741
2.58578
2.58749
2.58474
2.45931
2.46806
2.44535
2.54349
2.49533
2.50459
2.45877
2.4685
2.53396
2.46458
2.43256
2.43555
2.45444
2.48722
2.4931
2.4931
2.45256
2.48593
2.56346
2.48853
2.4243
2.33038
2.3984
2.40919
2.41047
2.40383
2.43333
2.41691
2.42887
2.45941
2.41969
2.41317
2.42699
2.45079
2.487
2.4931
2.4931
2.4882
2.53578
2.55499
2.47797
2.4068
2.45686
2.45856
2.41763
2.38298
2.43703
2.468
2.37494
2.40241
2.42367
2.40815
2.41293
2.43139
2.45549
2.48783
2.4931
2.4931
2.67008
2.67154
2.52233
2.49485
2.4987
2.59861
2.5536
2.52688
2.46095
2.5067
2.57628
2.46123
2.37383
2.44338
2.44215
2.43911
2.44997
2.46749
2.49068
2.4931
2.4931
2.60379
2.59714
2.45932
2.53752
2.53952
2.52783
2.44991
2.50988
2.50185
2.40736
2.38998
2.36776
2.44497
2.46681
2.46914
2.46871
2.47378
2.48194
2.49271
2.4931
2.4931
2.55403
2.53107
2.47895
2.5605
2.49094
2.48078
2.37417
2.46339
2.54138
2.53263
2.50064
2.51265
2.55959
2.54762
2.52149
2.50393
2.49777
2.49587
2.49468
2.4931
2.4931
2.48755
2.46887
2.44791
2.47564
2.43359
2.40966
2.36297
2.43206
2.53054
2.59045
2.60381
2.60173
2.58241
2.55281
2.53267
2.51741
2.50844
2.50146
2.49481
2.4931
2.4931
2.48742
2.46653
2.4545
2.45706
2.43759
2.42107
2.40763
2.44977
2.51396
2.56369
2.58192
2.5773
2.55627
2.53384
2.52107
2.51183
2.50564
2.5003
2.49485
2.4931
2.4931
2.4931
2.48436
2.48298
2.48474
2.48062
2.47642
2.46946
2.48114
2.4956
2.51106
2.5146
2.51141
2.50254
2.49597
2.49632
2.49556
2.49576
2.49485
2.4931
2.4931
2.4931
2.4931
2.4931
2.4931
2.4931
2.4931
2.4931
2.4931
2.4931
2.4931
2.4931
2.4931
2.4931
2.4931
2.4931
2.4931
2.4931
2.4931
2.4931
2.4931
2.4931
2.517
2.517
2.517
2.517
2.517
2.517
2.517
2.517
2.517
2.517
2.517
2.517
2.517
2.517
2.517
2.517
2.517
2.517
2.517
2.517
2.517
2.517
2.51315
2.47242
2.46853
2.45181
2.50893
2.53398
2.49383
2.51142
2.53
2.49259
2.48226
2.49624
2.50298
2.52087
2.52579
2.52879
2.51791
2.52191
2.517
2.517
2.517
2.48837
2.45846
2.46293
2.49195
2.50603
2.4949
2.49362
2.51573
2.55814
2.55628
2.51439
2.51364
2.52012
2.51953
2.54125
2.54785
2.53762
2.53107
2.51989
2.517
2.517
2.55583
2.50799
2.50021
2.55899
2.5439
2.5598
2.56845
2.5204
2.56991
2.62368
2.56861
2.54501
2.55665
2.49668
2.53582
2.55252
2.54433
2.53548
2.52089
2.517
2.517
2.54473
2.49044
2.44645
2.50901
2.61237
2.69297
2.58033
2.46331
2.46847
2.54298
2.60849
2.60909
2.59103
2.49531
2.51905
2.53984
2.53845
2.53245
2.52035
2.517
2.517
2.50865
2.47014
2.50515
2.49749
2.53167
2.61677
2.57304
2.45704
2.47364
2.47773
2.50743
2.46896
2.4271
2.42075
2.47612
2.51541
2.52488
2.52499
2.5189
2.517
2.517
2.43468
2.41357
2.51811
2.474
2.42661
2.47547
2.50679
2.44642
2.47278
2.50635
2.39425
2.34441
2.34643
2.40087
2.46211
2.50131
2.51291
2.51739
2.51705
2.517
2.517
2.3562
2.3459
2.47109
2.43495
2.39076
2.41232
2.4657
2.50516
2.48651
2.43349
2.33942
2.32699
2.40777
2.42456
2.46765
2.49563
2.50557
2.51163
2.517
2.517
2.517
2.49573
2.4623
2.52981
2.40146
2.30994
2.40627
2.5353
2.64792
2.59814
2.5376
2.48602
2.44013
2.55939
2.51818
2.49529
2.49592
2.4999
2.50601
2.51594
2.517
2.517
2.50938
2.46864
2.49582
2.46315
2.34898
2.50537
2.61357
2.60574
2.57084
2.51531
2.6203
2.5798
2.55644
2.50862
2.48213
2.47928
2.48713
2.49738
2.51491
2.517
2.517
2.49289
2.47779
2.50417
2.58356
2.56599
2.59355
2.5638
2.4698
2.5434
2.50647
2.63036
2.56919
2.53626
2.515
2.47365
2.46258
2.47103
2.48639
2.51235
2.517
2.517
2.52172
2.53022
2.58068
2.56992
2.5472
2.4717
2.48823
2.47044
2.54767
2.54294
2.56327
2.51256
2.51471
2.55504
2.48695
2.45539
2.45971
2.47799
2.51099
2.517
2.517
2.49426
2.51484
2.54881
2.46107
2.38752
2.32693
2.38248
2.40029
2.42059
2.44591
2.46599
2.43564
2.45571
2.48394
2.44098
2.43371
2.44998
2.4745
2.51091
2.517
2.517
2.52686
2.55234
2.52901
2.43769
2.36949
2.39889
2.40238
2.38226
2.38299
2.44819
2.46927
2.38949
2.41185
2.43988
2.42644
2.43324
2.45467
2.47922
2.51182
2.517
2.517
2.6509
2.6423
2.49319
2.44625
2.44224
2.50805
2.47789
2.46911
2.44503
2.49168
2.54015
2.45192
2.39877
2.45773
2.4625
2.46353
2.47645
2.49309
2.51456
2.517
2.517
2.62321
2.6069
2.46523
2.4932
2.47935
2.46321
2.40986
2.46694
2.47851
2.41362
2.40691
2.40396
2.47052
2.50631
2.50514
2.50208
2.50563
2.51137
2.51758
2.517
2.517
2.5767
2.5547
2.49094
2.52727
2.45887
2.42955
2.35671
2.43959
2.52542
2.52266
2.50763
2.53891
2.58932
2.58452
2.559
2.54042
2.53163
2.52546
2.51959
2.517
2.517
2.51422
2.49422
2.4641
2.46933
2.42106
2.38809
2.35488
2.42671
2.53075
2.59347
2.61644
2.62771
2.61676
2.59056
2.56978
2.55405
2.5428
2.53132
2.51972
2.517
2.517
2.51318
2.48995
2.4734
2.46688
2.44227
2.42121
2.41224
2.45845
2.52653
2.57925
2.60257
2.60452
2.58682
2.5658
2.55346
2.54411
2.53605
2.52733
2.51879
2.517
2.517
2.51702
2.50722
2.50666
2.50759
2.50312
2.49655
2.4918
2.50417
2.51951
2.53427
2.5385
2.53675
2.52761
2.52133
2.52132
2.52135
2.52071
2.51879
2.517
2.517
2.517
2.517
2.517
2.517
2.517
2.517
2.517
2.517
2.517
2.517
2.517
2.517
2.517
2.517
2.517
2.517
2.517
2.517
2.517
2.517
2.517
2.5426
2.5426
2.5426
2.5426
2.5426
2.5426
2.5426
2.5426
2.5426
2.5426
2.5426
2.5426
2.5426
2.5426
2.5426
2.5426
2.5426
2.5426
2.5426
2.5426
2.5426
2.5426
2.53958
2.50601
2.50456
2.49829
2.5343
2.54664
2.52126
2.52927
2.5511
2.52549
2.51659
2.52527
2.53537
2.54247
2.55037
2.5545
2.54254
2.54564
2.5426
2.5426
2.5426
2.51899
2.49278
2.49762
2.52387
2.52943
2.51767
2.50904
2.51911
2.56498
2.57681
2.54833
2.54896
2.55107
2.54161
2.55976
2.56811
2.55704
2.55278
2.54464
2.5426
2.5426
2.56632
2.52427
2.52119
2.56788
2.56719
2.57828
2.56372
2.51391
2.56792
2.62561
2.59095
2.5854
2.58094
2.52283
2.55114
2.56886
2.56142
2.55567
2.54647
2.5426
2.5426
2.56042
2.5107
2.48984
2.5391
2.61993
2.68415
2.58876
2.48183
2.50067
2.56303
2.59941
2.6112
2.58533
2.50593
2.52763
2.55318
2.55399
2.55164
2.54549
2.5426
2.5426
2.53192
2.49194
2.51847
2.51996
2.55265
2.62703
2.58872
2.49474
2.50099
2.49808
2.50356
2.47489
2.43842
2.43177
2.48483
2.52845
2.54013
2.54366
2.54349
2.5426
2.5426
2.4729
2.44297
2.5117
2.48306
2.45575
2.5095
2.5471
2.50389
2.50093
2.49803
2.40911
2.36242
2.36044
2.40561
2.47047
2.5166
2.52997
2.53762
2.54249
2.5426
2.5426
2.41767
2.39684
2.47578
2.44271
2.41424
2.46184
2.53081
2.56533
2.53774
2.47972
2.38862
2.3689
2.42492
2.44636
2.48789
2.51828
2.52728
2.53418
2.54165
2.5426
2.5426
2.52377
2.48368
2.52059
2.42754
2.36696
2.47242
2.59901
2.68831
2.65902
2.60177
2.54011
2.50169
2.57345
2.54717
2.52633
2.5254
2.52647
2.53143
2.54154
2.5426
2.5426
2.53293
2.4953
2.51353
2.48862
2.41461
2.54776
2.65858
2.67884
2.67053
2.63029
2.67753
2.6362
2.60802
2.56192
2.52494
2.51439
2.51784
2.52555
2.54127
2.5426
2.5426
2.5197
2.50491
2.53132
2.58277
2.56901
2.60821
2.61465
2.57058
2.62584
2.61534
2.69133
2.63553
2.59307
2.56444
2.51499
2.4974
2.5029
2.51651
2.53962
2.5426
2.5426
2.55008
2.54945
2.58105
2.56171
2.53284
2.50291
2.53072
2.52719
2.58611
2.60981
2.62825
2.57476
2.56435
2.57927
2.51485
2.48466
2.49096
2.50809
2.53772
2.5426
2.5426
2.53224
2.54301
2.54651
2.45949
2.38997
2.35773
2.40521
2.43374
2.47016
2.51597
2.52288
2.48025
2.49363
2.51163
2.46941
2.46168
2.48006
2.50432
2.53758
2.5426
2.5426
2.55943
2.56922
2.52244
2.42904
2.3665
2.37825
2.3856
2.39429
2.42369
2.49151
2.49669
2.42698
2.43985
2.46377
2.4521
2.4605
2.48433
2.5089
2.53836
2.5426
2.5426
2.64346
2.62477
2.48996
2.42914
2.41467
2.44937
2.43687
2.45241
2.46146
2.50419
2.53048
2.46358
2.43342
2.4783
2.48612
2.4922
2.50785
2.52292
2.5403
2.5426
2.5426
2.63391
2.61213
2.48231
2.46939
2.4429
2.42237
2.39442
2.452
2.47902
2.44246
2.44113
2.44675
2.49975
2.53592
2.53577
2.5348
2.53952
2.54219
2.54427
2.5426
2.5426
2.59636
2.57426
2.50714
2.50475
2.4389
2.40111
2.35922
2.43617
2.51986
2.52647
2.52497
2.56206
2.60861
2.60931
2.58879
2.57413
2.56612
2.55669
2.54625
2.5426
2.5426
2.54368
2.52228
2.48771
2.47221
2.42073
2.38418
2.36464
2.43582
2.53556
2.59718
2.62544
2.64403
2.63954
2.61849
2.60033
2.58684
2.5757
2.56161
2.54643
2.5426
2.5426
2.53973
2.51749
2.4984
2.48337
2.45609
2.43267
2.42833
2.47605
2.54226
2.59364
2.61948
2.62529
2.6111
2.59288
2.5826
2.57471
2.56588
2.55545
2.54453
2.5426
2.5426
2.54358
2.5337
2.53338
2.53335
2.52942
2.52137
2.51802
2.5303
2.54601
2.55944
2.56443
2.56234
2.55345
2.54703
2.54897
2.54906
2.54627
2.54453
2.5426
2.5426
2.5426
2.5426
2.5426
2.5426
2.5426
2.5426
2.5426
2.5426
2.5426
2.5426
2.5426
2.5426
2.5426
2.5426
2.5426
2.5426
2.5426
2.5426
2.5426
2.5426
2.5426
2.5703
2.5703
2.5703
2.5703
2.5703
2.5703
2.5703
2.5703
2.5703
2.5703
2.5703
2.5703
2.5703
2.5703
2.5703
2.5703
2.5703
2.5703
2.5703
2.5703
2.5703
2.5703
2.56932
2.54277
2.53539
2.53409
2.55947
2.56058
2.54473
2.55095
2.57301
2.55667
2.55091
2.55309
2.56761
2.56532
2.57623
2.58223
2.56732
2.57127
2.5703
2.5703
2.5703
2.55183
2.52767
2.52744
2.54529
2.54653
2.53347
2.52329
2.52839
2.57453
2.5934
2.57747
2.5789
2.58081
2.56733
2.58152
2.59001
2.57706
2.57448
2.57127
2.5703
2.5703
2.58516
2.54474
2.54102
2.5718
2.57602
2.58262
2.5608
2.51841
2.57288
2.62672
2.60922
2.61289
2.60445
2.55375
2.57186
2.58828
2.57888
2.57494
2.57122
2.5703
2.5703
2.58195
2.53561
2.52308
2.55727
2.61655
2.66559
2.59259
2.50781
2.53277
2.58087
2.60252
2.61732
2.5938
2.53184
2.54849
2.57358
2.57144
2.57133
2.57119
2.5703
2.5703
2.56136
2.5188
2.53561
2.54017
2.56839
2.63116
2.60361
2.53524
2.5346
2.52755
2.52209
2.50179
2.47288
2.46611
2.51145
2.55287
2.55983
2.56546
2.57021
2.5703
2.5703
2.51417
2.47755
2.52094
2.50443
2.49165
2.54791
2.58726
2.55999
2.53895
2.51702
2.44868
2.41072
2.40738
2.44153
2.49965
2.54342
2.55301
2.56122
2.56985
2.5703
2.5703
2.47028
2.44507
2.49416
2.47171
2.45862
2.52168
2.59276
2.62182
2.58787
2.52986
2.45235
2.43317
2.46966
2.48874
2.5225
2.54868
2.55276
2.55967
2.56932
2.5703
2.5703
2.54859
2.50858
2.53079
2.47203
2.43999
2.54437
2.65815
2.72933
2.70856
2.65516
2.59667
2.56545
2.6045
2.58547
2.5643
2.55882
2.55517
2.55924
2.57027
2.5703
2.5703
2.55896
2.52441
2.54135
2.5299
2.48963
2.60343
2.70578
2.74277
2.74399
2.71228
2.72576
2.68682
2.65549
2.61241
2.56931
2.55173
2.55025
2.55611
2.57028
2.5703
2.5703
2.55318
2.53747
2.56238
2.59937
2.594
2.64237
2.67093
2.66328
2.70324
2.70513
2.74522
2.69393
2.64609
2.61181
2.55782
2.53433
2.53752
2.54951
2.56939
2.5703
2.5703
2.57745
2.57466
2.59321
2.57207
2.54735
2.54973
2.58648
2.59988
2.64724
2.68406
2.69087
2.6337
2.60986
2.60531
2.54555
2.51771
2.52613
2.5435
2.56842
2.5703
2.5703
2.57148
2.57606
2.56085
2.48033
2.4206
2.40871
2.45337
2.49677
2.54436
2.59869
2.58799
2.53371
2.53329
2.53901
2.4998
2.49364
2.51613
2.54019
2.56837
2.5703
2.5703
2.5934
2.59362
2.53517
2.44408
2.3862
2.38808
2.40258
2.43974
2.48885
2.55416
2.54091
2.47239
2.47339
2.48961
2.48127
2.49336
2.52077
2.54481
2.5683
2.5703
2.5703
2.64894
2.62636
2.50775
2.4366
2.41233
2.42444
2.42812
2.46824
2.50033
2.53904
2.54474
2.48714
2.46767
2.4999
2.51073
2.52477
2.54426
2.55799
2.57016
2.5703
2.5703
2.64968
2.62406
2.50912
2.46785
2.4308
2.40576
2.39885
2.46227
2.50019
2.48412
2.48226
2.48591
2.52505
2.55639
2.56125
2.5678
2.57545
2.57516
2.5721
2.5703
2.5703
2.61808
2.59609
2.53037
2.50063
2.4359
2.39415
2.37635
2.45089
2.52923
2.54306
2.5495
2.58207
2.62039
2.62393
2.61143
2.60533
2.60017
2.5876
2.57407
2.5703
2.5703
2.57488
2.55357
2.51733
2.48768
2.435
2.39626
2.38833
2.45797
2.5496
2.6068
2.63606
2.65435
2.65375
2.63785
2.62466
2.61625
2.606
2.59056
2.57409
2.5703
2.5703
2.56732
2.54823
2.5286
2.50786
2.47852
2.45442
2.45446
2.50176
2.56355
2.6114
2.63678
2.6434
2.63166
2.61493
2.60735
2.60206
2.59458
2.58428
2.57224
2.5703
2.5703
2.57227
2.56235
2.5621
2.56043
2.55484
2.54834
2.54748
2.56042
2.57461
2.58701
2.59229
2.58931
2.5805
2.57172
2.57486
2.57545
2.57407
2.57224
2.5703
2.5703
2.5703
2.5703
2.5703
2.5703
2.5703
2.5703
2.5703
2.5703
2.5703
2.5703
2.5703
2.5703
2.5703
2.5703
2.5703
2.5703
2.5703
2.5703
2.5703
2.5703
2.5703
2.6004
2.6004
2.6004
2.6004
2.6004
2.6004
2.6004
2.6004
2.6004
2.6004
2.6004
2.6004
2.6004
2.6004
2.6004
2.6004
2.6004
2.6004
2.6004
2.6004
2.6004
2.6004
2.59744
2.57701
2.57161
2.57355
2.58335
2.58399
2.57265
2.58286
2.5997
2.58889
2.58078
2.5871
2.601
2.59561
2.60343
2.61241
2.59436
2.60038
2.6004
2.6004
2.6004
2.58835
2.56242
2.5584
2.56751
2.56342
2.55101
2.53975
2.54826
2.58998
2.61102
2.60418
2.61107
2.61514
2.59999
2.60795
2.61471
2.60022
2.59967
2.60038
2.6004
2.6004
2.61152
2.57154
2.56357
2.58115
2.58188
2.58418
2.56128
2.53422
2.58446
2.63214
2.62927
2.64268
2.63664
2.5924
2.59996
2.61202
2.59869
2.59778
2.60037
2.6004
2.6004
2.60888
2.56352
2.55374
2.57491
2.61236
2.64807
2.59408
2.53622
2.55935
2.5968
2.61802
2.639
2.62308
2.57247
2.58028
2.59941
2.59157
2.59406
2.59934
2.6004
2.6004
2.58874
2.5472
2.5575
2.56077
2.58027
2.63244
2.61414
2.56932
2.56263
2.5559
2.55392
2.54722
2.52957
2.51971
2.55014
2.58246
2.58307
2.58985
2.59931
2.6004
2.6004
2.5515
2.51348
2.54268
2.53271
2.52714
2.58254
2.61852
2.60335
2.57528
2.54699
2.50018
2.47688
2.477
2.49979
2.54197
2.57561
2.57861
2.58719
2.59938
2.6004
2.6004
2.52854
2.49375
2.52435
2.51111
2.50872
2.57672
2.64046
2.66419
2.62809
2.57582
2.5171
2.50468
2.53034
2.54544
2.56657
2.58202
2.57949
2.58675
2.59896
2.6004
2.6004
2.58212
2.54185
2.55577
2.52202
2.51105
2.60875
2.70314
2.76049
2.7403
2.69299
2.64681
2.62497
2.64489
2.62859
2.6049
2.59147
2.58296
2.58753
2.59942
2.6004
2.6004
2.58939
2.55998
2.57491
2.57425
2.56019
2.6609
2.74664
2.788
2.78681
2.76151
2.75939
2.72718
2.6966
2.65757
2.61062
2.58591
2.57972
2.58596
2.59944
2.6004
2.6004
2.58162
2.57373
2.59665
2.62595
2.63173
2.68807
2.72106
2.73321
2.75964
2.76558
2.78202
2.73554
2.68898
2.65234
2.59726
2.57058
2.57036
2.58203
2.5995
2.6004
2.6004
2.60096
2.60379
2.61467
2.5968
2.58211
2.60487
2.64018
2.66605
2.70446
2.7397
2.73556
2.67846
2.64758
2.63127
2.57666
2.55293
2.56153
2.57868
2.59949
2.6004
2.6004
2.6045
2.60954
2.58732
2.51822
2.46951
2.4708
2.51223
2.56625
2.61672
2.66476
2.64301
2.58213
2.56988
2.56712
2.53333
2.53219
2.55714
2.57853
2.59952
2.6004
2.6004
2.62937
2.62245
2.56438
2.47886
2.42412
2.42005
2.44096
2.49832
2.55661
2.61102
2.58604
2.51855
2.50784
2.51873
2.51351
2.53223
2.56357
2.5839
2.60035
2.6004
2.6004
2.66494
2.64107
2.54187
2.46694
2.43295
2.42915
2.44233
2.50003
2.54601
2.57799
2.56993
2.51799
2.49953
2.52378
2.537
2.56104
2.58533
2.59553
2.6013
2.6004
2.6004
2.66986
2.64322
2.54712
2.49068
2.44486
2.41459
2.41855
2.48637
2.53253
2.5291
2.52516
2.52402
2.5483
2.57449
2.58296
2.59937
2.61216
2.60968
2.60328
2.6004
2.6004
2.64352
2.62223
2.5639
2.51956
2.4553
2.41058
2.40532
2.47813
2.55172
2.57029
2.57873
2.60281
2.62936
2.63458
2.62891
2.63194
2.63169
2.61892
2.60429
2.6004
2.6004
2.60924
2.5885
2.55457
2.51851
2.46629
2.42657
2.42545
2.4925
2.57395
2.62493
2.65129
2.66498
2.66428
2.65208
2.64315
2.64016
2.63387
2.62009
2.60406
2.6004
2.6004
2.59944
2.58211
2.56499
2.54223
2.51166
2.48797
2.49176
2.53614
2.59183
2.63546
2.65825
2.66181
2.6514
2.63621
2.63021
2.62741
2.62247
2.61303
2.60232
2.6004
2.6004
2.60136
2.59309
2.59401
2.59255
2.58672
2.57929
2.57956
2.59398
2.6065
2.61836
2.62418
2.61764
2.60983
2.60123
2.60214
2.60517
2.60321
2.60232
2.6004
2.6004
2.6004
2.6004
2.6004
2.6004
2.6004
2.6004
2.6004
2.6004
2.6004
2.6004
2.6004
2.6004
2.6004
2.6004
2.6004
2.6004
2.6004
2.6004
2.6004
2.6004
2.6004
2.6331
2.6331
2.6331
2.6331
2.6331
2.6331
2.6331
2.6331
2.6331
2.6331
2.6331
2.6331
2.6331
2.6331
2.6331
2.6331
2.6331
2.6331
2.6331
2.6331
2.6331
2.6331
2.63014
2.61583
2.61237
2.6131
2.61493
2.62436
2.61111
2.61921
2.63916
2.62718
2.61514
2.62473
2.63685
2.62642
2.63224
2.64309
2.62608
2.6321
2.6331
2.6331
2.6331
2.62481
2.60018
2.59274
2.59614
2.59016
2.58055
2.57013
2.58239
2.61758
2.63615
2.63487
2.64768
2.65251
2.63532
2.63907
2.64223
2.62729
2.62858
2.6321
2.6331
2.6331
2.63737
2.60207
2.59198
2.60118
2.59888
2.5974
2.57833
2.56657
2.6072
2.64588
2.6542
2.67695
2.67442
2.63481
2.63409
2.63968
2.62286
2.62487
2.63114
2.6331
2.6331
2.63293
2.59209
2.58403
2.59767
2.61955
2.64358
2.6061
2.57144
2.58928
2.61721
2.6429
2.67246
2.66469
2.62099
2.61947
2.6298
2.61604
2.62101
2.63111
2.6331
2.6331
2.61634
2.57609
2.58276
2.5865
2.59851
2.63807
2.62579
2.60062
2.58991
2.58314
2.59221
2.60157
2.59523
2.58276
2.59619
2.61574
2.60941
2.6176
2.63108
2.6331
2.6331
2.58301
2.54955
2.56985
2.56597
2.56441
2.6121
2.64156
2.63631
2.60645
2.5775
2.55327
2.54817
2.55564
2.56999
2.59155
2.61006
2.60686
2.61616
2.63108
2.6331
2.6331
2.57698
2.54043
2.55951
2.55303
2.55699
2.62047
2.67314
2.69485
2.6588
2.61392
2.57681
2.57525
2.59866
2.60876
2.6148
2.61627
2.60821
2.6165
2.63107
2.6331
2.6331
2.61368
2.57946
2.58825
2.56849
2.57068
2.6588
2.73516
2.78003
2.75434
2.71575
2.68528
2.67593
2.68966
2.67322
2.64535
2.62359
2.61113
2.6175
2.63112
2.6331
2.6331
2.62209
2.60095
2.61166
2.6138
2.61758
2.71079
2.77742
2.81163
2.80099
2.78375
2.77924
2.75843
2.73301
2.69599
2.64888
2.6184
2.60935
2.61716
2.63135
2.6331
2.6331
2.62064
2.6163
2.63251
2.6549
2.67052
2.73513
2.76143
2.77411
2.78459
2.792
2.79945
2.76323
2.72174
2.6844
2.6328
2.6062
2.60459
2.61591
2.63197
2.6331
2.6331
2.63154
2.63781
2.64388
2.63083
2.6275
2.66333
2.69151
2.71384
2.73756
2.76452
2.75719
2.70995
2.67731
2.65626
2.60933
2.59239
2.60023
2.61547
2.6323
2.6331
2.6331
2.63505
2.64276
2.62254
2.56597
2.53011
2.54075
2.57648
2.62745
2.66789
2.70355
2.67829
2.62298
2.60295
2.5984
2.5727
2.57849
2.60149
2.61861
2.6332
2.6331
2.6331
2.65956
2.652
2.60381
2.52943
2.47933
2.47383
2.49829
2.55965
2.6127
2.65324
2.62406
2.56283
2.54583
2.55392
2.55368
2.57904
2.61035
2.62445
2.63408
2.6331
2.6331
2.68352
2.66427
2.5874
2.5181
2.47741
2.46166
2.48003
2.54228
2.59116
2.61705
2.60061
2.55409
2.5366
2.55591
2.57161
2.60138
2.62891
2.63516
2.63511
2.6331
2.6331
2.68697
2.66728
2.59373
2.53569
2.4846
2.44904
2.46011
2.52582
2.5738
2.57739
2.5697
2.56295
2.57648
2.59797
2.60871
2.63115
2.64827
2.6447
2.63612
2.6331
2.6331
2.66699
2.65067
2.60592
2.55863
2.49756
2.45189
2.45471
2.52081
2.58621
2.60729
2.6134
2.6265
2.64275
2.64858
2.64674
2.65558
2.66067
2.65066
2.63696
2.6331
2.6331
2.64038
2.62429
2.59769
2.56277
2.51515
2.47734
2.48079
2.53887
2.6077
2.65241
2.6731
2.67941
2.67633
2.66546
2.65967
2.66029
2.65896
2.64884
2.63598
2.6331
2.6331
2.63625
2.61964
2.60593
2.58533
2.55756
2.53613
2.54098
2.57883
2.62609
2.66529
2.68292
2.68295
2.67207
2.65721
2.65193
2.65157
2.64975
2.6433
2.63507
2.6331
2.6331
2.63309
2.62579
2.63101
2.62837
2.62234
2.61511
2.61926
2.62922
2.63932
2.65238
2.65397
2.64966
2.64256
2.63244
2.6359
2.63596
2.63703
2.63507
2.6331
2.6331
2.6331
2.6331
2.6331
2.6331
2.6331
2.6331
2.6331
2.6331
2.6331
2.6331
2.6331
2.6331
2.6331
2.6331
2.6331
2.6331
2.6331
2.6331
2.6331
2.6331
2.6331
2.6688
2.6688
2.6688
2.6688
2.6688
2.6688
2.6688
2.6688
2.6688
2.6688
2.6688
2.6688
2.6688
2.6688
2.6688
2.6688
2.6688
2.6688
2.6688
2.6688
2.6688
2.6688
2.66878
2.65547
2.65455
2.64903
2.6558
2.65867
2.64666
2.65635
2.66681
2.6672
2.65666
2.66727
2.67362
2.66314
2.66988
2.67656
2.65882
2.66756
2.6688
2.6688
2.6688
2.65754
2.64032
2.63426
2.63338
2.62814
2.61878
2.60842
2.62155
2.64938
2.668
2.67016
2.68568
2.69067
2.67379
2.67393
2.67454
2.65942
2.66248
2.66756
2.6688
2.6688
2.67217
2.64093
2.62897
2.63285
2.62977
2.6246
2.60577
2.60388
2.63837
2.67021
2.68334
2.71106
2.71263
2.67799
2.67275
2.67216
2.65304
2.65732
2.66574
2.6688
2.6688
2.66988
2.63103
2.61963
2.62757
2.64221
2.65587
2.62729
2.60718
2.62541
2.647
2.67439
2.70844
2.70781
2.66979
2.6624
2.6649
2.64631
2.65315
2.66569
2.6688
2.6688
2.65684
2.61665
2.61487
2.62018
2.62865
2.6551
2.64402
2.62938
2.62268
2.61836
2.63645
2.65756
2.66037
2.6458
2.64647
2.65427
2.64122
2.65091
2.66567
2.6688
2.6688
2.63343
2.59713
2.60411
2.60492
2.6046
2.6407
2.65964
2.6584
2.63461
2.61297
2.60819
2.61772
2.63208
2.63882
2.64486
2.65027
2.64025
2.65038
2.66568
2.6688
2.6688
2.63117
2.59368
2.60203
2.59923
2.60295
2.65268
2.69132
2.70843
2.67712
2.64411
2.62888
2.64022
2.66648
2.67018
2.66332
2.6544
2.64206
2.65105
2.66581
2.6688
2.6688
2.65389
2.62396
2.62843
2.61341
2.6178
2.68928
2.74681
2.77854
2.74891
2.7226
2.71132
2.71652
2.73358
2.71862
2.6863
2.65819
2.64341
2.65162
2.66582
2.6688
2.6688
2.6617
2.6452
2.65291
2.65147
2.66014
2.73904
2.78835
2.80673
2.78666
2.77854
2.78407
2.77658
2.76187
2.73073
2.6851
2.65369
2.64231
2.65195
2.66584
2.6688
2.6688
2.66504
2.66082
2.67228
2.68666
2.70327
2.76374
2.78134
2.78205
2.77733
2.78482
2.79508
2.77313
2.7425
2.71275
2.66778
2.6446
2.64237
2.65325
2.66682
2.6688
2.6688
2.67156
2.67609
2.67748
2.66985
2.67538
2.71173
2.72732
2.73461
2.74487
2.76331
2.75785
2.72454
2.6973
2.68322
2.64518
2.63499
2.64348
2.65549
2.66782
2.6688
2.6688
2.67726
2.67957
2.66245
2.62079
2.59927
2.61318
2.63698
2.6694
2.69685
2.72018
2.69643
2.65243
2.6342
2.63492
2.61745
2.62769
2.64909
2.66049
2.66884
2.6688
2.6688
2.69329
2.68691
2.65088
2.5928
2.55491
2.55156
2.56845
2.61499
2.65521
2.68184
2.65417
2.60363
2.58759
2.59745
2.60221
2.62953
2.65829
2.6666
2.67076
2.6688
2.6688
2.71634
2.69877
2.64261
2.58427
2.54808
2.53218
2.54417
2.59477
2.63724
2.65435
2.63772
2.59644
2.5813
2.59886
2.61523
2.6444
2.67174
2.67391
2.67135
2.6688
2.6688
2.71842
2.70102
2.64914
2.5977
2.55225
2.52129
2.52789
2.58156
2.62262
2.62681
2.61922
2.60766
2.61343
2.63154
2.6427
2.66441
2.6826
2.67959
2.67169
2.6688
2.6688
2.70034
2.68599
2.65587
2.61413
2.56472
2.52653
2.52835
2.582
2.63294
2.64975
2.65304
2.6564
2.66521
2.6687
2.6694
2.6796
2.68772
2.68169
2.67167
2.6688
2.6688
2.6814
2.66511
2.64719
2.61807
2.58077
2.55007
2.5516
2.59724
2.65005
2.68549
2.69954
2.69949
2.69392
2.68296
2.67824
2.68158
2.684
2.67938
2.67068
2.6688
2.6688
2.66769
2.65891
2.64978
2.63424
2.61436
2.59638
2.59841
2.62653
2.66366
2.69576
2.70955
2.70649
2.69572
2.68122
2.67652
2.67677
2.67713
2.67443
2.66969
2.6688
2.6688
2.66879
2.66472
2.6657
2.6622
2.66274
2.65672
2.65873
2.66449
2.67181
2.68366
2.68818
2.68267
2.67743
2.66735
2.66855
2.66857
2.67067
2.66969
2.6688
2.6688
2.6688
2.6688
2.6688
2.6688
2.6688
2.6688
2.6688
2.6688
2.6688
2.6688
2.6688
2.6688
2.6688
2.6688
2.6688
2.6688
2.6688
2.6688
2.6688
2.6688
2.6688
2.7075
2.7075
2.7075
2.7075
2.7075
2.7075
2.7075
2.7075
2.7075
2.7075
2.7075
2.7075
2.7075
2.7075
2.7075
2.7075
2.7075
2.7075
2.7075
2.7075
2.7075
2.7075
2.70451
2.69626
2.69819
2.68586
2.69915
2.69977
2.69883
2.69908
2.70281
2.70848
2.69882
2.70386
2.70312
2.69967
2.70654
2.71252
2.70254
2.7065
2.7075
2.7075
2.7075
2.70186
2.68791
2.68283
2.67827
2.6785
2.6714
2.66525
2.67457
2.69328
2.70927
2.70706
2.71867
2.72161
2.70849
2.7098
2.71141
2.70128
2.70244
2.7065
2.7075
2.7075
2.70335
2.6867
2.67776
2.67641
2.67786
2.67048
2.65261
2.6559
2.68172
2.70767
2.71548
2.74151
2.74267
2.71386
2.7107
2.70834
2.69412
2.69822
2.70538
2.7075
2.7075
2.702
2.68289
2.66991
2.67157
2.68606
2.69214
2.66622
2.65325
2.67109
2.68822
2.71279
2.74485
2.7425
2.71232
2.70578
2.70459
2.68837
2.69524
2.70444
2.7075
2.7075
2.69613
2.67299
2.66694
2.66888
2.67619
2.68992
2.6794
2.66616
2.66553
2.66383
2.68793
2.70804
2.70957
2.70053
2.69892
2.69983
2.6856
2.69411
2.70444
2.7075
2.7075
2.68663
2.65789
2.65993
2.66205
2.6604
2.67726
2.68752
2.68596
2.6684
2.66041
2.66908
2.68104
2.68959
2.69583
2.69725
2.69807
2.68707
2.69437
2.70548
2.7075
2.7075
2.67338
2.65373
2.66011
2.65885
2.65919
2.68429
2.70445
2.72271
2.69805
2.68142
2.67881
2.69542
2.71774
2.71965
2.70882
2.69831
2.68718
2.69479
2.70549
2.7075
2.7075
2.69136
2.67542
2.67911
2.66593
2.6651
2.71068
2.74608
2.76958
2.74273
2.7309
2.72991
2.74432
2.76278
2.75562
2.72705
2.69996
2.6871
2.69491
2.70548
2.7075
2.7075
2.70449
2.69199
2.70081
2.69377
2.69203
2.74815
2.77598
2.78469
2.75891
2.75896
2.77485
2.77906
2.77687
2.76032
2.72494
2.69658
2.68813
2.69549
2.7055
2.7075
2.7075
2.70675
2.70475
2.71337
2.71973
2.72901
2.76822
2.77275
2.76044
2.74971
2.7568
2.77636
2.7692
2.75228
2.73911
2.70719
2.69031
2.68888
2.69701
2.70554
2.7075
2.7075
2.70866
2.71659
2.7161
2.71014
2.71881
2.74091
2.73947
2.73317
2.73763
2.74495
2.74709
2.73482
2.71821
2.71633
2.68888
2.68671
2.69243
2.69968
2.70653
2.7075
2.7075
2.70988
2.71712
2.70719
2.68102
2.67179
2.67989
2.68635
2.70013
2.71387
2.72321
2.70707
2.68466
2.67489
2.68325
2.67234
2.68237
2.69774
2.70371
2.70754
2.7075
2.7075
2.72295
2.723
2.70164
2.66559
2.64286
2.64375
2.64651
2.66691
2.68951
2.70375
2.68771
2.65298
2.64313
2.65668
2.66299
2.68211
2.70377
2.70806
2.70851
2.7075
2.7075
2.74359
2.73415
2.69845
2.6624
2.64067
2.63602
2.63324
2.66032
2.68464
2.69322
2.68404
2.65349
2.64253
2.65746
2.6704
2.69052
2.71173
2.71192
2.70937
2.7075
2.7075
2.74396
2.73442
2.70282
2.67102
2.64622
2.63089
2.62398
2.6567
2.67813
2.67898
2.67361
2.66213
2.66556
2.67883
2.68617
2.70165
2.71579
2.71414
2.70936
2.7075
2.7075
2.73569
2.72274
2.70589
2.68311
2.65575
2.63401
2.62701
2.66274
2.68895
2.69888
2.69727
2.69393
2.70056
2.701
2.69922
2.70827
2.71606
2.71382
2.70843
2.7075
2.7075
2.71398
2.70582
2.69761
2.68341
2.66333
2.6447
2.64002
2.66695
2.70054
2.72338
2.72963
2.7257
2.71963
2.70853
2.70398
2.70749
2.7109
2.71124
2.70744
2.7075
2.7075
2.70443
2.69967
2.69683
2.68963
2.67914
2.66504
2.66451
2.68041
2.70871
2.727
2.73647
2.73326
2.72427
2.71175
2.70654
2.70826
2.70899
2.70969
2.70743
2.7075
2.7075
2.70447
2.70342
2.70546
2.70343
2.7034
2.69835
2.69756
2.70087
2.71441
2.71109
2.71608
2.72167
2.71617
2.71028
2.70325
2.70638
2.70341
2.70743
2.7075
2.7075
2.7075
2.7075
2.7075
2.7075
2.7075
2.7075
2.7075
2.7075
2.7075
2.7075
2.7075
2.7075
2.7075
2.7075
2.7075
2.7075
2.7075
2.7075
2.7075
2.7075
2.7075
2.7494
2.7494
2.7494
2.7494
2.7494
2.7494
2.7494
2.7494
2.7494
2.7494
2.7494
2.7494
2.7494
2.7494
2.7494
2.7494
2.7494
2.7494
2.7494
2.7494
2.7494
2.7494
2.74939
2.74737
2.7424
2.74337
2.75039
2.75242
2.7464
2.74742
2.74725
2.74739
2.75242
2.74737
2.74541
2.75244
2.74936
2.74937
2.75244
2.7494
2.7494
2.7494
2.7494
2.74737
2.74416
2.74211
2.73615
2.74478
2.74175
2.73362
2.73885
2.74944
2.75989
2.74275
2.74787
2.75471
2.74445
2.74736
2.75545
2.74841
2.7484
2.7494
2.7494
2.7494
2.74638
2.74484
2.74269
2.74239
2.75206
2.73961
2.71914
2.72878
2.74388
2.76788
2.74434
2.77096
2.77074
2.73779
2.75347
2.75438
2.74756
2.74738
2.7494
2.7494
2.7494
2.74742
2.75653
2.73732
2.73086
2.76233
2.77174
2.72923
2.71715
2.73018
2.74599
2.75192
2.78723
2.7734
2.74148
2.75017
2.75244
2.73743
2.74644
2.7494
2.7494
2.7494
2.74338
2.7489
2.73887
2.73794
2.75285
2.758
2.74199
2.72782
2.72975
2.72266
2.75159
2.75025
2.74249
2.74524
2.7524
2.75844
2.73541
2.74644
2.7494
2.7494
2.7494
2.74444
2.73525
2.74124
2.74393
2.73203
2.7322
2.74477
2.74073
2.71586
2.72607
2.7401
2.73563
2.72681
2.74001
2.74952
2.75942
2.74137
2.74738
2.7494
2.7494
2.7494
2.74437
2.72125
2.7377
2.73886
2.74449
2.7291
2.71872
2.76169
2.73419
2.72349
2.72147
2.73762
2.75658
2.75687
2.74669
2.74838
2.73837
2.74739
2.7494
2.7494
2.7494
2.74336
2.73998
2.74753
2.72657
2.71417
2.73903
2.74782
2.77258
2.74375
2.74846
2.73936
2.76068
2.78255
2.7833
2.76468
2.7443
2.73739
2.74738
2.7494
2.7494
2.7494
2.74541
2.73438
2.76393
2.74254
2.70106
2.75501
2.75811
2.76888
2.72575
2.74359
2.76619
2.77143
2.78256
2.77506
2.76249
2.73826
2.74528
2.7474
2.7494
2.7494
2.7494
2.74139
2.74407
2.75808
2.76472
2.75467
2.77384
2.76812
2.72407
2.73133
2.72461
2.76323
2.76422
2.75195
2.75834
2.74525
2.73952
2.74798
2.74744
2.7494
2.7494
2.7494
2.7474
2.76121
2.76104
2.75356
2.77462
2.7642
2.73835
2.72315
2.74814
2.73867
2.74402
2.75171
2.74155
2.76519
2.73441
2.75038
2.74941
2.74843
2.7494
2.7494
2.7494
2.75325
2.75683
2.75506
2.74836
2.74575
2.73488
2.73193
2.73682
2.74353
2.74552
2.72463
2.7279
2.72887
2.75277
2.73901
2.75025
2.75439
2.74944
2.7494
2.7494
2.7494
2.75155
2.76232
2.75642
2.74865
2.73057
2.74242
2.73787
2.73281
2.72827
2.74352
2.73943
2.70894
2.71283
2.73936
2.74138
2.74606
2.75231
2.75041
2.7494
2.7494
2.7494
2.75838
2.77343
2.74625
2.74345
2.73421
2.76103
2.74311
2.74812
2.74268
2.74618
2.75153
2.72941
2.72271
2.73838
2.73967
2.74961
2.75534
2.75137
2.7494
2.7494
2.7494
2.76141
2.77106
2.74702
2.74987
2.75195
2.75354
2.7264
2.75184
2.7436
2.72876
2.7301
2.72283
2.73635
2.75156
2.74186
2.75018
2.75545
2.75136
2.7494
2.7494
2.7494
2.75937
2.75518
2.75345
2.75826
2.75471
2.74705
2.73519
2.75873
2.75133
2.74872
2.74697
2.737
2.75766
2.75183
2.74035
2.74915
2.74917
2.75033
2.7494
2.7494
2.7494
2.75042
2.74649
2.74727
2.75139
2.75124
2.74685
2.73778
2.74167
2.75824
2.76466
2.76432
2.7605
2.75878
2.74685
2.74119
2.7442
2.74628
2.74934
2.7494
2.7494
2.7494
2.74836
2.74233
2.74628
2.74434
2.74828
2.73518
2.74222
2.73832
2.75732
2.76358
2.772
2.76001
2.75707
2.74819
2.7493
2.7503
2.74727
2.74943
2.7494
2.7494
2.7494
2.74942
2.75238
2.74945
2.74865
2.74641
2.74739
2.75244
2.74544
2.75442
2.74766
2.75242
2.75038
2.75041
2.75136
2.74937
2.74841
2.74755
2.7494
2.7494
2.7494
2.7494
2.7494
2.7494
2.7494
2.7494
2.7494
2.7494
2.7494
2.7494
2.7494
2.7494
2.7494
2.7494
2.7494
2.7494
2.7494
2.7494
2.7494
2.7494
2.7494
2.7494
2.7946
2.7946
2.7946
2.7946
2.7946
2.7946
2.7946
2.7946
2.7946
2.7946
2.7946
2.7946
2.7946
2.7946
2.7946
2.7946
2.7946
2.7946
2.7946
2.7946
2.7946
2.7946
2.7946
2.7946
2.7946
2.7946
2.7946
2.7946
2.7946
2.7946
2.7946
2.7946
2.7946
2.7946
2.7946
2.7946
2.7946
2.7946
2.7946
2.7946
2.7946
2.7946
2.7946
2.7946
2.7946
2.7946
2.7946
2.7946
2.7946
2.7946
2.7946
2.7946
2.7946
2.7946
2.7946
2.7946
2.7946
2.7946
2.7946
2.7946
2.7946
2.7946
2.7946
2.7946
2.7946
2.7946
2.7946
2.7946
2.7946
2.7946
2.7946
2.7946
2.7946
2.7946
2.7946
2.7946
2.7946
2.7946
2.7946
2.7946
2.7946
2.7946
2.7946
2.7946
2.7946
2.7946
2.7946
2.7946
2.7946
2.7946
2.7946
2.7946
2.7946
2.7946
2.7946
2.7946
2.7946
2.7946
2.7946
2.7946
2.7946
2.7946
2.7946
2.7946
2.7946
2.7946
2.7946
2.7946
2.7946
2.7946
2.7946
2.7946
2.7946
2.7946
2.7946
2.7946
2.7946
2.7946
2.7946
2.7946
2.7946
2.7946
2.7946
2.7946
2.7946
2.7946
2.7946
2.7946
2.7946
2.7946
2.7946
2.7946
2.7946
2.7946
2.7946
2.7946
2.7946
2.7946
2.7946
2.7946
2.7946
2.7946
2.7946
2.7946
2.7946
2.7946
2.7946
2.7946
2.7946
2.7946
2.7946
2.7946
2.7946
2.7946
2.7946
2.7946
2.7946
2.7946
2.7946
2.7946
2.7946
2.7946
2.7946
2.7946
2.7946
2.7946
2.7946
2.7946
2.7946
2.7946
2.7946
2.7946
2.7946
2.7946
2.7946
2.7946
2.7946
2.7946
2.7946
2.7946
2.7946
2.7946
2.7946
2.7946
2.7946
2.7946
2.7946
2.7946
2.7946
2.7946
2.7946
2.7946
2.7946
2.7946
2.7946
2.7946
2.7946
2.7946
2.7946
2.7946
2.7946
2.7946
2.7946
2.7946
2.7946
2.7946
2.7946
2.7946
2.7946
2.7946
2.7946
2.7946
2.7946
2.7946
2.7946
2.7946
2.7946
2.7946
2.7946
2.7946
2.7946
2.7946
2.7946
2.7946
2.7946
2.7946
2.7946
2.7946
2.7946
2.7946
2.7946
2.7946
2.7946
2.7946
2.7946
2.7946
2.7946
2.7946
2.7946
2.7946
2.7946
2.7946
2.7946
2.7946
2.7946
2.7946
2.7946
2.7946
2.7946
2.7946
2.7946
2.7946
2.7946
2.7946
2.7946
2.7946
2.7946
2.7946
2.7946
2.7946
2.7946
2.7946
2.7946
2.7946
2.7946
2.7946
2.7946
2.7946
2.7946
2.7946
2.7946
2.7946
2.7946
2.7946
2.7946
2.7946
2.7946
2.7946
2.7946
2.7946
2.7946
2.7946
2.7946
2.7946
2.7946
2.7946
2.7946
2.7946
2.7946
2.7946
2.7946
2.7946
2.7946
2.7946
2.7946
2.7946
2.7946
2.7946
2.7946
2.7946
2.7946
2.7946
2.7946
2.7946
2.7946
2.7946
2.7946
2.7946
2.7946
2.7946
2.7946
2.7946
2.7946
2.7946
2.7946
2.7946
2.7946
2.7946
2.7946
2.7946
2.7946
2.7946
2.7946
2.7946
2.7946
2.7946
2.7946
2.7946
2.7946
2.7946
2.7946
2.7946
2.7946
2.7946
2.7946
2.7946
2.7946
2.7946
2.7946
2.7946
2.7946
2.7946
2.7946
2.7946
2.7946
2.7946
2.7946
2.7946
2.7946
2.7946
2.7946
2.7946
2.7946
2.7946
2.7946
2.7946
2.7946
2.7946
2.7946
2.7946
2.7946
2.7946
2.7946
2.7946
2.7946
2.7946
2.7946
2.7946
2.7946
2.7946
2.7946
2.7946
2.7946
2.7946
2.7946
2.7946
2.7946
2.7946
2.7946
2.7946
2.7946
2.7946
2.7946
2.7946
2.7946
2.7946
2.7946
2.7946
2.7946
2.7946
2.7946
2.7946
2.7946
2.7946
2.7946
2.7946
2.7946
2.7946
2.7946
2.7946
2.7946
2.7946
2.7946
2.7946
2.7946
2.7946
2.7946
2.7946
2.7946
2.7946
2.7946
2.7946
2.7946
2.7946
2.7946
2.7946
2.7946
2.7946
2.7946
2.7946
2.7946
2.7946
2.7946
2.7946
2.7946
2.7946
2.7946
2.7946
2.7946
2.7946
2.7946
2.7946
2.7946
2.7946
2.7946
2.7946
2.7946
2.7946
2.7946
2.7946
2.7946
