    97.250    22.250     2.700
    97.125    22.125     2.860
    97.125    22.375     2.860
    97.375    22.125     2.860
    97.375    22.375     2.860
    97.750    22.250     3.500
    97.625    22.125     3.340
    97.625    22.375     3.340
    97.875    22.125     3.340
    97.875    22.375     3.340
    98.250    22.250     2.700
    98.125    22.125     2.860
    98.125    22.375     2.860
    98.375    22.125     2.860
    98.375    22.375     2.860
    98.750    22.250     3.500
    98.625    22.125     3.340
    98.625    22.375     3.340
    98.875    22.125     3.340
    98.875    22.375     3.340
    99.250    22.250     2.700
    99.125    22.125     2.860
    99.125    22.375     2.860
    99.375    22.125     2.860
    99.375    22.375     2.860
    99.750    22.250     3.500
    99.625    22.125     3.340
    99.625    22.375     3.340
    99.875    22.125     3.340
    99.875    22.375     3.340
   100.250    22.250     2.700
   100.125    22.125     2.860
   100.125    22.375     2.860
   100.375    22.125     2.860
   100.375    22.375     2.860
   100.750    22.250     3.500
   100.625    22.125     3.340
   100.625    22.375     3.340
   100.875    22.125     3.340
   100.875    22.375     3.340
   101.250    22.250     2.700
   101.125    22.125     2.860
   101.125    22.375     2.860
   101.375    22.125     2.860
   101.375    22.375     2.860
   101.750    22.250     3.500
   101.625    22.125     3.340
   101.625    22.375     3.340
   101.875    22.125     3.340
   101.875    22.375     3.340
    97.250    22.750     3.500
    97.125    22.625     3.340
    97.125    22.875     3.340
    97.375    22.625     3.340
    97.375    22.875     3.340
    97.750    22.750     2.700
    97.625    22.625     2.860
    97.625    22.875     2.860
    97.875    22.625     2.860
    97.875    22.875     2.860
    98.250    22.750     3.500
    98.125    22.625     3.340
    98.125    22.875     3.340
    98.375    22.625     3.340
    98.375    22.875     3.340
    98.750    22.750     2.700
    98.625    22.625     2.860
    98.625    22.875     2.860
    98.875    22.625     2.860
    98.875    22.875     2.860
    99.250    22.750     3.500
    99.125    22.625     3.340
    99.125    22.875     3.340
    99.375    22.625     3.340
    99.375    22.875     3.340
    99.750    22.750     2.700
    99.625    22.625     2.860
    99.625    22.875     2.860
    99.875    22.625     2.860
    99.875    22.875     2.860
   100.250    22.750     3.500
   100.125    22.625     3.340
   100.125    22.875     3.340
   100.375    22.625     3.340
   100.375    22.875     3.340
   100.750    22.750     2.700
   100.625    22.625     2.860
   100.625    22.875     2.860
   100.875    22.625     2.860
   100.875    22.875     2.860
   101.250    22.750     3.500
   101.125    22.625     3.340
   101.125    22.875     3.340
   101.375    22.625     3.340
   101.375    22.875     3.340
   101.750    22.750     2.700
   101.625    22.625     2.860
   101.625    22.875     2.860
   101.875    22.625     2.860
   101.875    22.875     2.860
    97.250    23.250     2.700
    97.125    23.125     2.860
    97.125    23.375     2.860
    97.375    23.125     2.860
    97.375    23.375     2.860
    97.750    23.250     3.500
    97.625    23.125     3.340
    97.625    23.375     3.340
    97.875    23.125     3.340
    97.875    23.375     3.340
    98.250    23.250     2.700
    98.125    23.125     2.860
    98.125    23.375     2.860
    98.375    23.125     2.860
    98.375    23.375     2.860
    98.750    23.250     3.500
    98.625    23.125     3.340
    98.625    23.375     3.340
    98.875    23.125     3.340
    98.875    23.375     3.340
    99.250    23.250     2.700
    99.125    23.125     2.860
    99.125    23.375     2.860
    99.375    23.125     2.860
    99.375    23.375     2.860
    99.750    23.250     3.500
    99.625    23.125     3.340
    99.625    23.375     3.340
    99.875    23.125     3.340
    99.875    23.375     3.340
   100.250    23.250     2.700
   100.125    23.125     2.860
   100.125    23.375     2.860
   100.375    23.125     2.860
   100.375    23.375     2.860
   100.750    23.250     3.500
   100.625    23.125     3.340
   100.625    23.375     3.340
   100.875    23.125     3.340
   100.875    23.375     3.340
   101.250    23.250     2.700
   101.125    23.125     2.860
   101.125    23.375     2.860
   101.375    23.125     2.860
   101.375    23.375     2.860
   101.750    23.250     3.500
   101.625    23.125     3.340
   101.625    23.375     3.340
   101.875    23.125     3.340
   101.875    23.375     3.340
    97.250    23.750     3.500
    97.125    23.625     3.340
    97.125    23.875     3.340
    97.375    23.625     3.340
    97.375    23.875     3.340
    97.750    23.750     2.700
    97.625    23.625     2.860
    97.625    23.875     2.860
    97.875    23.625     2.860
    97.875    23.875     2.860
    98.250    23.750     3.500
    98.125    23.625     3.340
    98.125    23.875     3.340
    98.375    23.625     3.340
    98.375    23.875     3.340
    98.750    23.750     2.700
    98.625    23.625     2.860
    98.625    23.875     2.860
    98.875    23.625     2.860
    98.875    23.875     2.860
    99.250    23.750     3.500
    99.125    23.625     3.340
    99.125    23.875     3.340
    99.375    23.625     3.340
    99.375    23.875     3.340
    99.750    23.750     2.700
    99.625    23.625     2.860
    99.625    23.875     2.860
    99.875    23.625     2.860
    99.875    23.875     2.860
   100.250    23.750     3.500
   100.125    23.625     3.340
   100.125    23.875     3.340
   100.375    23.625     3.340
   100.375    23.875     3.340
   100.750    23.750     2.700
   100.625    23.625     2.860
   100.625    23.875     2.860
   100.875    23.625     2.860
   100.875    23.875     2.860
   101.250    23.750     3.500
   101.125    23.625     3.340
   101.125    23.875     3.340
   101.375    23.625     3.340
   101.375    23.875     3.340
   101.750    23.750     2.700
   101.625    23.625     2.860
   101.625    23.875     2.860
   101.875    23.625     2.860
   101.875    23.875     2.860
    97.250    24.250     2.700
    97.125    24.125     2.860
    97.125    24.375     2.860
    97.375    24.125     2.860
    97.375    24.375     2.860
    97.750    24.250     3.500
    97.625    24.125     3.340
    97.625    24.375     3.340
    97.875    24.125     3.340
    97.875    24.375     3.340
    98.250    24.250     2.700
    98.125    24.125     2.860
    98.125    24.375     2.860
    98.375    24.125     2.860
    98.375    24.375     2.860
    98.750    24.250     3.500
    98.625    24.125     3.340
    98.625    24.375     3.340
    98.875    24.125     3.340
    98.875    24.375     3.340
    99.250    24.250     2.700
    99.125    24.125     2.860
    99.125    24.375     2.860
    99.375    24.125     2.860
    99.375    24.375     2.860
    99.750    24.250     3.500
    99.625    24.125     3.340
    99.625    24.375     3.340
    99.875    24.125     3.340
    99.875    24.375     3.340
   100.250    24.250     2.700
   100.125    24.125     2.860
   100.125    24.375     2.860
   100.375    24.125     2.860
   100.375    24.375     2.860
   100.750    24.250     3.500
   100.625    24.125     3.340
   100.625    24.375     3.340
   100.875    24.125     3.340
   100.875    24.375     3.340
   101.250    24.250     2.700
   101.125    24.125     2.860
   101.125    24.375     2.860
   101.375    24.125     2.860
   101.375    24.375     2.860
   101.750    24.250     3.500
   101.625    24.125     3.340
   101.625    24.375     3.340
   101.875    24.125     3.340
   101.875    24.375     3.340
    97.250    24.750     3.500
    97.125    24.625     3.340
    97.125    24.875     3.340
    97.375    24.625     3.340
    97.375    24.875     3.340
    97.750    24.750     2.700
    97.625    24.625     2.860
    97.625    24.875     2.860
    97.875    24.625     2.860
    97.875    24.875     2.860
    98.250    24.750     3.500
    98.125    24.625     3.340
    98.125    24.875     3.340
    98.375    24.625     3.340
    98.375    24.875     3.340
    98.750    24.750     2.700
    98.625    24.625     2.860
    98.625    24.875     2.860
    98.875    24.625     2.860
    98.875    24.875     2.860
    99.250    24.750     3.500
    99.125    24.625     3.340
    99.125    24.875     3.340
    99.375    24.625     3.340
    99.375    24.875     3.340
    99.750    24.750     2.700
    99.625    24.625     2.860
    99.625    24.875     2.860
    99.875    24.625     2.860
    99.875    24.875     2.860
   100.250    24.750     3.500
   100.125    24.625     3.340
   100.125    24.875     3.340
   100.375    24.625     3.340
   100.375    24.875     3.340
   100.750    24.750     2.700
   100.625    24.625     2.860
   100.625    24.875     2.860
   100.875    24.625     2.860
   100.875    24.875     2.860
   101.250    24.750     3.500
   101.125    24.625     3.340
   101.125    24.875     3.340
   101.375    24.625     3.340
   101.375    24.875     3.340
   101.750    24.750     2.700
   101.625    24.625     2.860
   101.625    24.875     2.860
   101.875    24.625     2.860
   101.875    24.875     2.860
    97.250    25.250     2.700
    97.125    25.125     2.860
    97.125    25.375     2.860
    97.375    25.125     2.860
    97.375    25.375     2.860
    97.750    25.250     3.500
    97.625    25.125     3.340
    97.625    25.375     3.340
    97.875    25.125     3.340
    97.875    25.375     3.340
    98.250    25.250     2.700
    98.125    25.125     2.860
    98.125    25.375     2.860
    98.375    25.125     2.860
    98.375    25.375     2.860
    98.750    25.250     3.500
    98.625    25.125     3.340
    98.625    25.375     3.340
    98.875    25.125     3.340
    98.875    25.375     3.340
    99.250    25.250     2.700
    99.125    25.125     2.860
    99.125    25.375     2.860
    99.375    25.125     2.860
    99.375    25.375     2.860
    99.750    25.250     3.500
    99.625    25.125     3.340
    99.625    25.375     3.340
    99.875    25.125     3.340
    99.875    25.375     3.340
   100.250    25.250     2.700
   100.125    25.125     2.860
   100.125    25.375     2.860
   100.375    25.125     2.860
   100.375    25.375     2.860
   100.750    25.250     3.500
   100.625    25.125     3.340
   100.625    25.375     3.340
   100.875    25.125     3.340
   100.875    25.375     3.340
   101.250    25.250     2.700
   101.125    25.125     2.860
   101.125    25.375     2.860
   101.375    25.125     2.860
   101.375    25.375     2.860
   101.750    25.250     3.500
   101.625    25.125     3.340
   101.625    25.375     3.340
   101.875    25.125     3.340
   101.875    25.375     3.340
    97.250    25.750     3.500
    97.125    25.625     3.340
    97.125    25.875     3.340
    97.375    25.625     3.340
    97.375    25.875     3.340
    97.750    25.750     2.700
    97.625    25.625     2.860
    97.625    25.875     2.860
    97.875    25.625     2.860
    97.875    25.875     2.860
    98.250    25.750     3.500
    98.125    25.625     3.340
    98.125    25.875     3.340
    98.375    25.625     3.340
    98.375    25.875     3.340
    98.750    25.750     2.700
    98.625    25.625     2.860
    98.625    25.875     2.860
    98.875    25.625     2.860
    98.875    25.875     2.860
    99.250    25.750     3.500
    99.125    25.625     3.340
    99.125    25.875     3.340
    99.375    25.625     3.340
    99.375    25.875     3.340
    99.750    25.750     2.700
    99.625    25.625     2.860
    99.625    25.875     2.860
    99.875    25.625     2.860
    99.875    25.875     2.860
   100.250    25.750     3.500
   100.125    25.625     3.340
   100.125    25.875     3.340
   100.375    25.625     3.340
   100.375    25.875     3.340
   100.750    25.750     2.700
   100.625    25.625     2.860
   100.625    25.875     2.860
   100.875    25.625     2.860
   100.875    25.875     2.860
   101.250    25.750     3.500
   101.125    25.625     3.340
   101.125    25.875     3.340
   101.375    25.625     3.340
   101.375    25.875     3.340
   101.750    25.750     2.700
   101.625    25.625     2.860
   101.625    25.875     2.860
   101.875    25.625     2.860
   101.875    25.875     2.860
    97.250    26.250     2.700
    97.125    26.125     2.860
    97.125    26.375     2.860
    97.375    26.125     2.860
    97.375    26.375     2.860
    97.750    26.250     3.500
    97.625    26.125     3.340
    97.625    26.375     3.340
    97.875    26.125     3.340
    97.875    26.375     3.340
    98.250    26.250     2.700
    98.125    26.125     2.860
    98.125    26.375     2.860
    98.375    26.125     2.860
    98.375    26.375     2.860
    98.750    26.250     3.500
    98.625    26.125     3.340
    98.625    26.375     3.340
    98.875    26.125     3.340
    98.875    26.375     3.340
    99.250    26.250     2.700
    99.125    26.125     2.860
    99.125    26.375     2.860
    99.375    26.125     2.860
    99.375    26.375     2.860
    99.750    26.250     3.500
    99.625    26.125     3.340
    99.625    26.375     3.340
    99.875    26.125     3.340
    99.875    26.375     3.340
   100.250    26.250     2.700
   100.125    26.125     2.860
   100.125    26.375     2.860
   100.375    26.125     2.860
   100.375    26.375     2.860
   100.750    26.250     3.500
   100.625    26.125     3.340
   100.625    26.375     3.340
   100.875    26.125     3.340
   100.875    26.375     3.340
   101.250    26.250     2.700
   101.125    26.125     2.860
   101.125    26.375     2.860
   101.375    26.125     2.860
   101.375    26.375     2.860
   101.750    26.250     3.500
   101.625    26.125     3.340
   101.625    26.375     3.340
   101.875    26.125     3.340
   101.875    26.375     3.340
    97.250    26.750     3.500
    97.125    26.625     3.340
    97.125    26.875     3.340
    97.375    26.625     3.340
    97.375    26.875     3.340
    97.750    26.750     2.700
    97.625    26.625     2.860
    97.625    26.875     2.860
    97.875    26.625     2.860
    97.875    26.875     2.860
    98.250    26.750     3.500
    98.125    26.625     3.340
    98.125    26.875     3.340
    98.375    26.625     3.340
    98.375    26.875     3.340
    98.750    26.750     2.700
    98.625    26.625     2.860
    98.625    26.875     2.860
    98.875    26.625     2.860
    98.875    26.875     2.860
    99.250    26.750     3.500
    99.125    26.625     3.340
    99.125    26.875     3.340
    99.375    26.625     3.340
    99.375    26.875     3.340
    99.750    26.750     2.700
    99.625    26.625     2.860
    99.625    26.875     2.860
    99.875    26.625     2.860
    99.875    26.875     2.860
   100.250    26.750     3.500
   100.125    26.625     3.340
   100.125    26.875     3.340
   100.375    26.625     3.340
   100.375    26.875     3.340
   100.750    26.750     2.700
   100.625    26.625     2.860
   100.625    26.875     2.860
   100.875    26.625     2.860
   100.875    26.875     2.860
   101.250    26.750     3.500
   101.125    26.625     3.340
   101.125    26.875     3.340
   101.375    26.625     3.340
   101.375    26.875     3.340
   101.750    26.750     2.700
   101.625    26.625     2.860
   101.625    26.875     2.860
   101.875    26.625     2.860
   101.875    26.875     2.860
