2.5
2.5
2.5
2.5
2.5
2.5
2.5
2.5
2.5
2.5
2.5
2.5
2.5
2.5
2.5
2.5
2.5
2.5
2.5
2.5
2.5
2.5
2.5
2.5
2.5
2.5
2.5
2.5
2.5
2.5
2.50036
2.5004
2.49971
2.49965
2.49974
2.5
2.5
2.5
2.5
2.5
2.5
2.5
2.5
2.5
2.49934
2.49897
2.4991
2.49984
2.50134
2.50473
2.51773
2.57586
2.52979
2.43792
2.51091
2.51926
2.50242
2.50064
2.50015
2.50005
2.50005
2.5
2.5
2.5
2.5
2.49838
2.49739
2.49749
2.49858
2.49806
2.4827
2.54313
2.78038
2.50849
2.19818
2.61382
2.54967
2.50149
2.50043
2.50007
2.50003
2.50005
2.5
2.5
2.5
2.5
2.49666
2.49432
2.49408
2.49099
2.46613
2.45564
2.59111
2.50577
2.37096
2.43971
2.61355
2.46113
2.49114
2.49861
2.49967
2.49998
2.50007
2.5
2.5
2.5
2.5
2.49319
2.48697
2.47578
2.4452
2.51077
2.76323
2.55347
2
2.58588
2.91039
2.48775
2.38096
2.47875
2.49784
2.49981
2.50015
2.50015
2.5
2.5
2.5
2.49999
2.48341
2.44019
2.39382
2.52782
2.69143
2.58155
2.38306
2.37481
2.71458
2.50345
2.48531
2.43421
2.48061
2.50143
2.50134
2.50069
2.50029
2.5
2.5
2.5
2.49927
2.44322
2.2934
2.51214
2.90659
2.48762
2
2.53942
3.18016
2.3847
2
2.49657
2.71472
2.59042
2.51155
2.50327
2.50122
2.50043
2.5
2.5
2.5
2.49959
2.48819
2.50638
2.70887
2.5482
2.34899
2.43227
2.71272
2.52895
2.42291
2.4094
2.62763
2.59688
2.53881
2.50607
2.50182
2.50085
2.50037
2.5
2.5
2.5
2.50039
2.54145
2.77504
2.54136
2
2.50622
3.21327
2.41852
2
2.59059
3.09828
2.46141
2.10813
2.41236
2.49427
2.49924
2.50021
2.50022
2.5
2.5
2.5
2.50017
2.49866
2.46632
2.44813
2.42515
2.67872
2.54186
2.41772
2.44266
2.67498
2.55409
2.44308
2.43698
2.49028
2.5014
2.50049
2.50039
2.5002
2.5
2.5
2.5
2.49996
2.46168
2.23286
2.4472
3.16757
2.45765
2
2.54684
3.20199
2.38113
2
2.59372
2.85932
2.57317
2.51
2.50231
2.50067
2.50018
2.5
2.5
2.5
2.49983
2.46971
2.44053
2.68545
2.50545
2.39334
2.46138
2.68244
2.52
2.46514
2.47278
2.52442
2.56031
2.52722
2.50367
2.50038
2.49988
2.49987
2.5
2.5
2.5
2.50063
2.54457
2.77156
2.57517
2
2.51132
3.20093
2.39818
2
2.56967
3.00615
2.46669
2.24068
2.42561
2.49097
2.4968
2.49862
2.49942
2.5
2.5
2.5
2.50002
2.51341
2.50555
2.32538
2.4489
2.74207
2.47705
2.41999
2.54502
2.5143
2.5725
2.60205
2.47893
2.47093
2.49113
2.4959
2.49801
2.49917
2.5
2.5
2.5
2.49981
2.48916
2.40893
2.49637
2.85349
2.45561
2
2.57468
2.89353
2.47765
2.23258
2.47853
2.50472
2.49212
2.49405
2.49646
2.49807
2.49914
2.5
2.5
2.5
2.5
2.49976
2.49997
2.55368
2.61538
2.4665
2.37843
2.54589
2.58329
2.50404
2.43478
2.47931
2.49265
2.49416
2.49585
2.49734
2.49843
2.49927
2.5
2.5
2.5
2.5
2.50102
2.50339
2.51013
2.51352
2.49766
2.48764
2.50252
2.50993
2.50178
2.49263
2.49327
2.49511
2.49634
2.49736
2.49824
2.49891
2.49946
2.5
2.5
2.5
2.5
2.50067
2.5018
2.50348
2.50354
2.49979
2.49739
2.50029
2.50234
2.50047
2.49782
2.49739
2.49779
2.49827
2.49872
2.49914
2.49943
2.49975
2.5
2.5
2.5
2.5
2.5
2.5
2.5
2.5
2.5
2.5
2.5
2.5
2.5
2.5
2.5
2.5
2.5
2.5
2.5
2.5
2.5
2.5
2.5
2.5
2.5
2.5
2.5
2.5
2.5
2.5
2.5
2.5
2.5
2.5
2.5
2.5
2.5
2.5
2.5
2.5
2.5
2.5
2.5
2.5
2.54
2.54
2.54
2.54
2.54
2.54
2.54
2.54
2.54
2.54
2.54
2.54
2.54
2.54
2.54
2.54
2.54
2.54
2.54
2.54
2.54
2.54
2.54
2.53934
2.53897
2.5391
2.53984
2.54134
2.54493
2.55516
2.5717
2.54861
2.51816
2.54331
2.54739
2.54239
2.54064
2.54015
2.54005
2.54005
2.54
2.54
2.54
2.53934
2.53207
2.52896
2.53253
2.543
2.55963
2.58369
2.61911
2.6446
2.57078
2.49539
2.55115
2.56554
2.55307
2.54531
2.54194
2.54067
2.54023
2.54005
2.54
2.54
2.53838
2.5229
2.51604
2.52281
2.54186
2.56774
2.59873
2.65184
2.69041
2.54917
2.43548
2.58139
2.57984
2.55443
2.54505
2.54189
2.54082
2.54037
2.54005
2.54
2.54
2.53666
2.51031
2.49829
2.50963
2.53927
2.5723
2.60203
2.60623
2.51228
2.4886
2.53598
2.60287
2.54328
2.53608
2.53916
2.5409
2.54118
2.54075
2.54007
2.54
2.54
2.53319
2.49332
2.47419
2.49588
2.55067
2.61875
2.66444
2.52078
2.27988
2.53815
2.69088
2.58594
2.50617
2.52508
2.54005
2.54394
2.5435
2.54192
2.54015
2.54
2.54
2.52626
2.47402
2.44466
2.49744
2.61727
2.64163
2.53674
2.47987
2.48167
2.58351
2.52526
2.53425
2.53874
2.55661
2.55918
2.55369
2.54809
2.54377
2.54029
2.54
2.54
2.51687
2.47042
2.4442
2.58116
2.70743
2.51286
2.26569
2.53833
2.74569
2.4887
2.28511
2.50358
2.63992
2.62554
2.58368
2.56216
2.5512
2.54488
2.54042
2.54
2.54
2.53895
2.54015
2.57548
2.63486
2.54033
2.46856
2.50125
2.58815
2.51638
2.48368
2.49316
2.57716
2.57984
2.57453
2.56197
2.55373
2.54805
2.54382
2.54037
2.54
2.54
2.55896
2.58894
2.653
2.53665
2.29184
2.53265
2.76207
2.48158
2.19805
2.53533
2.74559
2.55086
2.38767
2.46752
2.52331
2.53959
2.54253
2.54178
2.54022
2.54
2.54
2.53799
2.53349
2.52365
2.5209
2.51775
2.58194
2.52223
2.4781
2.48631
2.58198
2.55108
2.51996
2.50889
2.52916
2.54026
2.54175
2.54117
2.54054
2.5402
2.54
2.54
2.52002
2.4886
2.43823
2.57623
2.76507
2.49071
2.19608
2.5221
2.75782
2.49125
2.26594
2.53827
2.69077
2.61813
2.56586
2.54536
2.53921
2.53867
2.54018
2.54
2.54
2.53242
2.53017
2.5425
2.61504
2.54112
2.48218
2.49396
2.57892
2.53594
2.50699
2.50696
2.56182
2.58389
2.55771
2.53573
2.52869
2.52977
2.53423
2.53987
2.54
2.54
2.56005
2.59745
2.65418
2.52951
2.28483
2.54689
2.76835
2.49237
2.25048
2.53701
2.73556
2.56692
2.42176
2.44451
2.48131
2.50207
2.51657
2.52852
2.53942
2.54
2.54
2.54609
2.56904
2.56401
2.48352
2.4986
2.61857
2.55447
2.50122
2.51726
2.56584
2.60712
2.56125
2.45771
2.44016
2.46419
2.48846
2.50826
2.52464
2.53917
2.54
2.54
2.53583
2.54474
2.53702
2.58812
2.69386
2.52905
2.33198
2.54807
2.70669
2.56168
2.42966
2.46407
2.45669
2.45266
2.46777
2.48793
2.50695
2.52379
2.53914
2.54
2.54
2.53994
2.55336
2.57391
2.62817
2.65948
2.52699
2.42749
2.55481
2.63453
2.55226
2.45578
2.4544
2.46013
2.46656
2.47952
2.49539
2.51111
2.52563
2.53927
2.54
2.54
2.54103
2.55487
2.57377
2.59881
2.59972
2.5419
2.50307
2.5448
2.57433
2.54137
2.49475
2.481
2.48155
2.4873
2.49668
2.50771
2.51883
2.52938
2.53946
2.54
2.54
2.54067
2.5492
2.5594
2.56894
2.56612
2.54409
2.52978
2.54152
2.55056
2.53818
2.51889
2.51005
2.50914
2.5121
2.51704
2.52282
2.52869
2.53428
2.53975
2.54
2.54
2.54
2.54067
2.5418
2.54348
2.54354
2.53979
2.53739
2.54029
2.54234
2.54047
2.53782
2.53739
2.53779
2.53827
2.53872
2.53914
2.53943
2.53975
2.54
2.54
2.54
2.54
2.54
2.54
2.54
2.54
2.54
2.54
2.54
2.54
2.54
2.54
2.54
2.54
2.54
2.54
2.54
2.54
2.54
2.54
2.54
2.58
2.58
2.58
2.58
2.58
2.58
2.58
2.58
2.58
2.58
2.58
2.58
2.58
2.58
2.58
2.58
2.58
2.58
2.58
2.58
2.58
2.58
2.58
2.57876
2.57805
2.57838
2.57995
2.58312
2.5897
2.60453
2.62342
2.59248
2.5556
2.58511
2.58985
2.58357
2.58105
2.58026
2.58006
2.58002
2.58
2.58
2.58
2.57876
2.56513
2.55922
2.56568
2.58502
2.61525
2.65524
2.70072
2.71501
2.62482
2.54473
2.59568
2.61194
2.59869
2.58788
2.58269
2.58077
2.58019
2.58002
2.58
2.58
2.57702
2.54858
2.53621
2.5491
2.58524
2.63483
2.68964
2.74334
2.74328
2.60583
2.5146
2.62358
2.62651
2.60082
2.5874
2.58231
2.58073
2.58026
2.58001
2.58
2.58
2.57403
2.52744
2.50767
2.53063
2.5876
2.65165
2.69585
2.67414
2.56034
2.54535
2.60142
2.65374
2.59958
2.58121
2.58
2.58098
2.58125
2.58082
2.58005
2.58
2.58
2.56859
2.50227
2.47599
2.52003
2.61353
2.69719
2.71279
2.56246
2.36478
2.5735
2.71607
2.65164
2.57293
2.57374
2.58364
2.58645
2.58523
2.5828
2.5802
2.58
2.58
2.55922
2.48113
2.45385
2.54092
2.68078
2.69222
2.57684
2.53189
2.54388
2.6175
2.57301
2.58876
2.60388
2.61655
2.61245
2.60206
2.59288
2.58597
2.58047
2.58
2.58
2.5499
2.49305
2.48739
2.63071
2.7325
2.55997
2.36611
2.59248
2.7558
2.55162
2.3704
2.54181
2.67895
2.68306
2.64295
2.61441
2.59783
2.58785
2.58076
2.58
2.58
2.58057
2.58132
2.62429
2.67257
2.58257
2.52174
2.56416
2.63407
2.56614
2.53807
2.54797
2.61476
2.62399
2.62437
2.61261
2.60142
2.59275
2.58609
2.5806
2.58
2.58
2.60427
2.63273
2.67834
2.5789
2.39374
2.58793
2.7729
2.54322
2.30603
2.57892
2.76229
2.61642
2.46538
2.51035
2.56106
2.58007
2.58384
2.58267
2.58032
2.58
2.58
2.57635
2.57235
2.56972
2.57868
2.58487
2.62681
2.57363
2.5342
2.54554
2.62822
2.60522
2.57589
2.55785
2.5705
2.58036
2.58188
2.58105
2.58044
2.58035
2.58
2.58
2.55447
2.52785
2.51227
2.65295
2.77991
2.54057
2.30182
2.5726
2.77227
2.55913
2.36401
2.57365
2.71433
2.66599
2.61146
2.58525
2.57698
2.57704
2.58031
2.58
2.58
2.57258
2.58014
2.60599
2.66304
2.59713
2.53841
2.54812
2.62477
2.59452
2.55945
2.55902
2.61565
2.63001
2.5947
2.56632
2.55738
2.56054
2.56917
2.57976
2.58
2.58
2.60637
2.64985
2.68648
2.5643
2.37834
2.60316
2.78133
2.55709
2.35371
2.58098
2.75927
2.62456
2.46517
2.45283
2.48435
2.51334
2.53769
2.55911
2.57895
2.58
2.58
2.58982
2.62412
2.62334
2.54877
2.54761
2.65587
2.61684
2.55567
2.56104
2.62384
2.65802
2.57826
2.44929
2.42012
2.45026
2.48869
2.52286
2.55214
2.5785
2.58
2.58
2.57668
2.59984
2.61239
2.6638
2.73365
2.58534
2.40912
2.58497
2.73637
2.62418
2.48306
2.46196
2.43238
2.42698
2.4519
2.48654
2.52028
2.55059
2.57845
2.58
2.58
2.58095
2.6072
2.64394
2.70798
2.7285
2.57681
2.46005
2.59159
2.69028
2.60009
2.47336
2.44305
2.43966
2.44888
2.47121
2.49931
2.52758
2.5539
2.57867
2.58
2.58
2.58205
2.60682
2.63861
2.67406
2.66989
2.5882
2.53263
2.58535
2.62655
2.58013
2.50831
2.47905
2.47592
2.485
2.50152
2.52135
2.54149
2.56069
2.57904
2.58
2.58
2.58126
2.59628
2.61361
2.62847
2.62268
2.58828
2.56561
2.58198
2.59527
2.57547
2.54355
2.52704
2.52444
2.52941
2.53826
2.54872
2.55934
2.5696
2.57946
2.58
2.58
2.58
2.58126
2.58327
2.58603
2.58597
2.57975
2.57581
2.58044
2.58391
2.58087
2.57637
2.57535
2.57594
2.57682
2.57768
2.57841
2.579
2.57946
2.58
2.58
2.58
2.58
2.58
2.58
2.58
2.58
2.58
2.58
2.58
2.58
2.58
2.58
2.58
2.58
2.58
2.58
2.58
2.58
2.58
2.58
2.58
2.62
2.62
2.62
2.62
2.62
2.62
2.62
2.62
2.62
2.62
2.62
2.62
2.62
2.62
2.62
2.62
2.62
2.62
2.62
2.62
2.62
2.62
2.62
2.61824
2.61721
2.61759
2.61971
2.6241
2.63295
2.65148
2.67352
2.63499
2.59086
2.62588
2.63172
2.62428
2.62122
2.62028
2.62005
2.61999
2.62
2.62
2.62
2.61824
2.59815
2.58859
2.59605
2.6212
2.66125
2.71335
2.76883
2.78139
2.6723
2.57885
2.63571
2.65528
2.64052
2.62787
2.6219
2.61997
2.61973
2.61999
2.62
2.62
2.61579
2.57449
2.55524
2.57057
2.61815
2.6849
2.75783
2.82178
2.8133
2.65305
2.55278
2.66981
2.67193
2.64179
2.62569
2.6201
2.61901
2.61935
2.62001
2.62
2.62
2.61175
2.54554
2.51611
2.54479
2.6204
2.70712
2.76728
2.74145
2.60698
2.59086
2.65956
2.71206
2.64516
2.61889
2.61572
2.61737
2.6189
2.61965
2.61996
2.62
2.62
2.60469
2.51275
2.47564
2.53193
2.65302
2.7602
2.77972
2.61098
2.39665
2.63346
2.79253
2.71564
2.61838
2.61123
2.62001
2.62365
2.62351
2.62198
2.62015
2.62
2.62
2.59297
2.48743
2.45133
2.55954
2.73152
2.75282
2.62534
2.58372
2.61412
2.69656
2.63614
2.64238
2.65311
2.66219
2.65512
2.64302
2.63307
2.62599
2.62055
2.62
2.62
2.58175
2.50516
2.49711
2.66604
2.78825
2.60458
2.40177
2.66856
2.85927
2.62784
2.40953
2.58514
2.7339
2.73767
2.69137
2.65831
2.63945
2.62845
2.62091
2.62
2.62
2.61951
2.61305
2.66089
2.71942
2.62485
2.56823
2.63733
2.7259
2.64659
2.60694
2.60822
2.6716
2.67444
2.67006
2.65523
2.64268
2.63338
2.62642
2.62074
2.62
2.62
2.64838
2.67605
2.72531
2.61962
2.42579
2.6553
2.87636
2.62236
2.35262
2.65107
2.85027
2.6807
2.49939
2.53904
2.59416
2.61696
2.62262
2.6223
2.62039
2.62
2.62
2.61511
2.60944
2.61039
2.63117
2.65161
2.70611
2.65128
2.60647
2.62209
2.70844
2.67131
2.62655
2.59713
2.60681
2.61718
2.6196
2.61954
2.61967
2.62043
2.62
2.62
2.5898
2.56152
2.55533
2.72745
2.87354
2.60595
2.34215
2.65155
2.87875
2.62928
2.39393
2.61605
2.77056
2.71662
2.65401
2.6236
2.61447
2.61546
2.62041
2.62
2.62
2.61216
2.62329
2.65961
2.73019
2.66142
2.59827
2.61771
2.70882
2.67181
2.61909
2.60904
2.66658
2.67607
2.63132
2.59768
2.58809
2.59334
2.60534
2.61971
2.62
2.62
2.65215
2.70216
2.7421
2.60425
2.40269
2.66752
2.87731
2.62492
2.38939
2.63534
2.83119
2.67303
2.48107
2.4592
2.49519
2.53187
2.56383
2.59223
2.61865
2.62
2.62
2.63263
2.67357
2.67385
2.58848
2.58626
2.71691
2.68173
2.60926
2.61126
2.67914
2.70902
2.60462
2.44875
2.41286
2.45037
2.49978
2.54452
2.58315
2.61806
2.62
2.62
2.61675
2.64632
2.66571
2.7261
2.80055
2.63226
2.43302
2.63122
2.80442
2.67461
2.50138
2.46292
2.42397
2.41859
2.45133
2.49671
2.54108
2.58111
2.61801
2.62
2.62
2.62149
2.65453
2.70137
2.77813
2.79849
2.61831
2.4804
2.63356
2.74993
2.64045
2.48258
2.43882
2.43328
2.44618
2.47605
2.51329
2.55064
2.58548
2.61828
2.62
2.62
2.62268
2.65377
2.69402
2.73767
2.73091
2.63043
2.56234
2.62542
2.67451
2.6152
2.52345
2.48464
2.48076
2.49348
2.51584
2.54227
2.56899
2.59444
2.61875
2.62
2.62
2.62163
2.64056
2.6626
2.68125
2.67356
2.63026
2.6018
2.62174
2.63753
2.61138
2.56987
2.54833
2.54539
2.55243
2.56448
2.57848
2.59263
2.60623
2.61931
2.62
2.62
2.62
2.62163
2.62426
2.62782
2.62766
2.61971
2.61469
2.62059
2.62498
2.62101
2.6151
2.61373
2.61458
2.6158
2.61695
2.61794
2.61868
2.61931
2.62
2.62
2.62
2.62
2.62
2.62
2.62
2.62
2.62
2.62
2.62
2.62
2.62
2.62
2.62
2.62
2.62
2.62
2.62
2.62
2.62
2.62
2.62
2.66
2.66
2.66
2.66
2.66
2.66
2.66
2.66
2.66
2.66
2.66
2.66
2.66
2.66
2.66
2.66
2.66
2.66
2.66
2.66
2.66
2.66
2.66
2.65772
2.65627
2.65641
2.65854
2.66327
2.6734
2.69514
2.72032
2.67361
2.62125
2.66406
2.67281
2.66466
2.66121
2.66019
2.65996
2.65996
2.66
2.66
2.66
2.65772
2.63108
2.61669
2.62204
2.64823
2.69251
2.75241
2.8183
2.83377
2.70332
2.59208
2.66363
2.69212
2.67797
2.66502
2.65938
2.65821
2.65883
2.65996
2.66
2.66
2.65459
2.60037
2.57176
2.58369
2.63397
2.70835
2.79315
2.87173
2.86585
2.67616
2.55609
2.69913
2.7072
2.67497
2.65874
2.65461
2.65542
2.65758
2.6599
2.66
2.66
2.64952
2.5635
2.52056
2.54639
2.62908
2.72839
2.80184
2.7814
2.6364
2.61746
2.69288
2.75417
2.6746
2.64427
2.64338
2.64874
2.65366
2.65718
2.65981
2.66
2.66
2.64068
2.52205
2.46818
2.52596
2.6643
2.79272
2.82495
2.64306
2.41026
2.68497
2.86193
2.76239
2.64052
2.63086
2.6447
2.65364
2.65761
2.65925
2.65996
2.66
2.66
2.62604
2.48909
2.43491
2.5546
2.75734
2.79299
2.65825
2.62
2.66544
2.76536
2.6879
2.67913
2.67863
2.68705
2.6832
2.6747
2.66796
2.66355
2.66047
2.66
2.66
2.61193
2.5071
2.48479
2.67787
2.82991
2.6336
2.41023
2.72259
2.9513
2.68709
2.43014
2.61943
2.77555
2.77537
2.72554
2.69258
2.67548
2.6665
2.66085
2.66
2.66
2.65574
2.6349
2.67941
2.74741
2.65078
2.60177
2.68701
2.79519
2.71076
2.66024
2.65378
2.71705
2.70818
2.69932
2.68562
2.67593
2.66937
2.66458
2.66067
2.66
2.66
2.69167
2.7158
2.76757
2.64508
2.42688
2.70133
2.96425
2.67906
2.37458
2.70528
2.92331
2.71925
2.505
2.55067
2.61818
2.64865
2.65849
2.66057
2.66032
2.66
2.66
2.65402
2.6417
2.64081
2.66633
2.69432
2.76488
2.7081
2.65873
2.67521
2.76381
2.71175
2.65581
2.62153
2.63427
2.64918
2.65471
2.65675
2.65843
2.66042
2.66
2.66
2.62391
2.58406
2.57421
2.77755
2.95687
2.65872
2.36096
2.70971
2.96637
2.67221
2.39544
2.64382
2.82253
2.76389
2.69485
2.66185
2.65252
2.65433
2.66046
2.66
2.66
2.64962
2.65456
2.69287
2.77867
2.70855
2.64343
2.66861
2.76915
2.72295
2.65709
2.63573
2.69486
2.70891
2.66456
2.63111
2.62255
2.62941
2.6433
2.65972
2.66
2.66
2.69641
2.74712
2.78976
2.63264
2.40448
2.71118
2.95759
2.66788
2.39558
2.66944
2.88501
2.70029
2.4871
2.46965
2.51567
2.55959
2.59651
2.62875
2.65855
2.66
2.66
2.67323
2.7119
2.70601
2.60684
2.60711
2.75763
2.72182
2.64472
2.64287
2.70921
2.73837
2.62661
2.45932
2.42334
2.46784
2.52452
2.57516
2.61867
2.6579
2.66
2.66
2.65462
2.67939
2.69479
2.76349
2.85183
2.65691
2.43246
2.66683
2.86196
2.69858
2.49698
2.46669
2.43355
2.43189
2.47022
2.5216
2.57149
2.61642
2.65783
2.66
2.66
2.66067
2.69119
2.73998
2.82801
2.8535
2.64619
2.49144
2.6712
2.80104
2.66519
2.48223
2.44153
2.44387
2.46273
2.49788
2.54015
2.58215
2.62129
2.65814
2.66
2.66
2.66254
2.69345
2.73657
2.78647
2.78002
2.6654
2.58938
2.66328
2.71696
2.64373
2.53758
2.49782
2.49843
2.51586
2.54233
2.5725
2.60265
2.63126
2.65864
2.66
2.66
2.66165
2.68105
2.70485
2.72611
2.71792
2.66886
2.63721
2.66049
2.6773
2.64511
2.59716
2.5744
2.5733
2.58281
2.59716
2.61318
2.6292
2.64451
2.65927
2.66
2.66
2.66
2.66165
2.66458
2.66877
2.66869
2.65944
2.65376
2.66074
2.66568
2.66066
2.65371
2.65244
2.65372
2.65528
2.65662
2.65772
2.65858
2.65927
2.66
2.66
2.66
2.66
2.66
2.66
2.66
2.66
2.66
2.66
2.66
2.66
2.66
2.66
2.66
2.66
2.66
2.66
2.66
2.66
2.66
2.66
2.66
2.7
2.7
2.7
2.7
2.7
2.7
2.7
2.7
2.7
2.7
2.7
2.7
2.7
2.7
2.7
2.7
2.7
2.7
2.7
2.7
2.7
2.7
2.7
2.69728
2.69535
2.69495
2.69633
2.70026
2.71027
2.73644
2.77196
2.71109
2.63886
2.70021
2.7148
2.70489
2.70103
2.7
2.69986
2.69992
2.7
2.7
2.7
2.69728
2.66485
2.64491
2.64521
2.66706
2.7086
2.77036
2.84743
2.8747
2.72022
2.58285
2.68055
2.72375
2.71178
2.7
2.69572
2.69589
2.6977
2.69992
2.7
2.7
2.6936
2.62812
2.58896
2.59163
2.63433
2.70382
2.79118
2.89077
2.90666
2.67563
2.51587
2.71193
2.73322
2.70135
2.68778
2.68693
2.69073
2.69533
2.69979
2.7
2.7
2.68757
2.58467
2.52628
2.54006
2.61517
2.71244
2.79433
2.7924
2.6472
2.6189
2.69178
2.77596
2.68474
2.65773
2.66465
2.6767
2.6866
2.69387
2.69963
2.7
2.7
2.67677
2.5353
2.46097
2.50772
2.64845
2.79411
2.85189
2.6564
2.38589
2.71715
2.9199
2.78353
2.63314
2.63244
2.65964
2.67827
2.68885
2.69518
2.69972
2.7
2.7
2.65747
2.49235
2.4126
2.53175
2.76335
2.81783
2.67559
2.62967
2.67603
2.8058
2.71306
2.69121
2.67653
2.69122
2.69849
2.69896
2.69884
2.69931
2.70018
2.7
2.7
2.63448
2.504
2.45626
2.67589
2.87233
2.64818
2.3699
2.73545
3.02029
2.70277
2.40588
2.63948
2.80739
2.79903
2.74732
2.71894
2.70715
2.70258
2.70063
2.7
2.7
2.68832
2.65236
2.6889
2.76904
2.66616
2.61557
2.69334
2.81812
2.73329
2.67505
2.66919
2.74629
2.72446
2.71381
2.706
2.70319
2.70208
2.70125
2.70049
2.7
2.7
2.74007
2.75822
2.817
2.66005
2.3816
2.71328
3.02953
2.68627
2.33453
2.72476
2.98018
2.72246
2.47131
2.54502
2.63598
2.67748
2.69283
2.69813
2.70015
2.7
2.7
2.69313
2.67088
2.66037
2.67712
2.6985
2.78694
2.72338
2.66641
2.68099
2.77856
2.71762
2.65986
2.63201
2.65666
2.6798
2.68951
2.69397
2.69718
2.70037
2.7
2.7
2.65109
2.59249
2.55664
2.78926
3.02753
2.68142
2.32527
2.72549
3.027
2.67023
2.35243
2.66221
2.88352
2.81461
2.73736
2.70192
2.6922
2.69415
2.70052
2.7
2.7
2.6809
2.67087
2.69884
2.80244
2.7283
2.65859
2.68226
2.78672
2.72994
2.66304
2.63671
2.70346
2.73492
2.70024
2.67053
2.66293
2.66986
2.68357
2.69978
2.7
2.7
2.74462
2.78611
2.83506
2.65203
2.3716
2.72625
3.02193
2.66886
2.35028
2.68112
2.93076
2.70864
2.48432
2.48931
2.55055
2.59923
2.63706
2.66916
2.69862
2.7
2.7
2.71259
2.73935
2.7204
2.60317
2.61171
2.77863
2.72904
2.65397
2.65376
2.71371
2.75037
2.65303
2.48955
2.45878
2.50764
2.56555
2.61608
2.65916
2.69801
2.7
2.7
2.68814
2.69784
2.69618
2.77466
2.89466
2.65852
2.39845
2.69369
2.91717
2.69655
2.46993
2.48164
2.47006
2.47334
2.51242
2.5633
2.61246
2.65687
2.69797
2.7
2.7
2.69795
2.71645
2.75786
2.85612
2.8952
2.66193
2.49491
2.70842
2.84659
2.67636
2.47668
2.4585
2.47791
2.50293
2.53935
2.58131
2.6228
2.66157
2.69823
2.7
2.7
2.70154
2.7254
2.7651
2.8188
2.81671
2.69499
2.61714
2.7014
2.75512
2.66791
2.55505
2.52361
2.53297
2.55476
2.58262
2.61295
2.6429
2.67141
2.69871
2.7
2.7
2.70131
2.71754
2.73984
2.7622
2.75547
2.70513
2.67362
2.69955
2.71533
2.67805
2.62769
2.60767
2.61014
2.62184
2.63704
2.65328
2.66924
2.68453
2.69929
2.7
2.7
2.7
2.70131
2.70416
2.70879
2.70909
2.69905
2.69311
2.70103
2.706
2.69982
2.69225
2.69159
2.69348
2.69531
2.69673
2.69784
2.69862
2.69929
2.7
2.7
2.7
2.7
2.7
2.7
2.7
2.7
2.7
2.7
2.7
2.7
2.7
2.7
2.7
2.7
2.7
2.7
2.7
2.7
2.7
2.7
2.7
2.8
2.8
2.8
2.8
2.8
2.8
2.8
2.8
2.8
2.8
2.8
2.8
2.8
2.8
2.8
2.8
2.8
2.8
2.8
2.8
2.8
2.8
2.8
2.79707
2.7948
2.79373
2.79401
2.79611
2.8037
2.82857
2.86628
2.8051
2.72812
2.79462
2.81342
2.80419
2.80068
2.79981
2.79977
2.79988
2.8
2.8
2.8
2.79707
2.76118
2.73673
2.73071
2.74441
2.77684
2.83123
2.90835
2.94429
2.79339
2.65103
2.75674
2.80973
2.80301
2.79438
2.79217
2.79378
2.79671
2.79988
2.8
2.8
2.79321
2.72177
2.6744
2.6654
2.69306
2.7463
2.82189
2.92768
2.96863
2.74108
2.5615
2.77247
2.80902
2.78508
2.77694
2.77995
2.78655
2.79334
2.79967
2.8
2.8
2.7871
2.67691
2.60772
2.60528
2.66017
2.73846
2.81386
2.83877
2.73888
2.70018
2.73438
2.82864
2.75012
2.73325
2.7481
2.766
2.78023
2.79085
2.79946
2.8
2.8
2.77633
2.62767
2.54116
2.56856
2.68837
2.82536
2.90272
2.74523
2.50182
2.79628
2.97376
2.83499
2.68883
2.69896
2.73688
2.76376
2.78039
2.79123
2.79946
2.8
2.8
2.75697
2.58545
2.49287
2.59166
2.81018
2.87732
2.76824
2.71754
2.72785
2.85269
2.78083
2.75752
2.73067
2.75087
2.77059
2.78155
2.78893
2.79477
2.79987
2.8
2.8
2.7328
2.59578
2.53394
2.73676
2.94249
2.74625
2.47265
2.77611
3.03783
2.74966
2.50438
2.73543
2.87411
2.85943
2.81886
2.8014
2.79735
2.79814
2.80033
2.8
2.8
2.78453
2.74171
2.76338
2.83878
2.76063
2.7174
2.73735
2.83321
2.78513
2.74092
2.74238
2.81765
2.78663
2.77973
2.78331
2.78946
2.7944
2.79774
2.80027
2.8
2.8
2.84169
2.85581
2.91198
2.75331
2.47505
2.76724
3.04321
2.7335
2.44471
2.78559
3.01201
2.75953
2.53641
2.62615
2.72448
2.77026
2.78862
2.79611
2.80006
2.8
2.8
2.7956
2.76831
2.75085
2.74743
2.74316
2.82051
2.77184
2.72983
2.7321
2.81056
2.76622
2.7305
2.72223
2.75283
2.77729
2.78785
2.79298
2.79673
2.80035
2.8
2.8
2.74831
2.67646
2.61528
2.81363
3.05594
2.75886
2.4473
2.77502
3.03437
2.71825
2.46482
2.76362
2.9791
2.91308
2.83874
2.80416
2.79404
2.79513
2.80058
2.8
2.8
2.77448
2.74683
2.75092
2.84308
2.78899
2.73848
2.74588
2.81394
2.76723
2.73358
2.71565
2.77299
2.81814
2.80105
2.77793
2.77024
2.77493
2.78611
2.79993
2.8
2.8
2.84206
2.86725
2.91153
2.74853
2.48991
2.78412
3.04361
2.72101
2.4559
2.76111
2.97961
2.77093
2.58991
2.61147
2.67078
2.71357
2.74576
2.77329
2.79892
2.8
2.8
2.80743
2.81697
2.78822
2.68589
2.70482
2.83058
2.77389
2.73257
2.74002
2.77433
2.80818
2.75015
2.6244
2.59757
2.63649
2.68433
2.72704
2.76429
2.7984
2.8
2.8
2.78256
2.77302
2.75268
2.82537
2.95286
2.72522
2.49709
2.78808
2.98636
2.74814
2.54691
2.5975
2.60588
2.60921
2.63976
2.68151
2.72327
2.76198
2.79835
2.8
2.8
2.79486
2.79646
2.82212
2.91222
2.95871
2.74857
2.60863
2.81119
2.92522
2.74653
2.5667
2.5726
2.60371
2.62909
2.66027
2.69584
2.73165
2.76582
2.79854
2.8
2.8
2.79998
2.8123
2.84197
2.89106
2.89485
2.78912
2.7253
2.80402
2.84527
2.75483
2.65204
2.63277
2.6486
2.67103
2.69618
2.72269
2.74899
2.77434
2.79889
2.8
2.8
2.80066
2.81102
2.82847
2.84891
2.84538
2.80261
2.77699
2.80094
2.81176
2.77336
2.72708
2.71216
2.7176
2.72971
2.74374
2.75818
2.77238
2.78604
2.79938
2.8
2.8
2.8
2.80066
2.80288
2.80717
2.80789
2.7991
2.79422
2.80152
2.80538
2.79887
2.79197
2.79203
2.79422
2.79598
2.79725
2.79816
2.79882
2.79938
2.8
2.8
2.8
2.8
2.8
2.8
2.8
2.8
2.8
2.8
2.8
2.8
2.8
2.8
2.8
2.8
2.8
2.8
2.8
2.8
2.8
2.8
2.8
2.9
2.9
2.9
2.9
2.9
2.9
2.9
2.9
2.9
2.9
2.9
2.9
2.9
2.9
2.9
2.9
2.9
2.9
2.9
2.9
2.9
2.9
2.9
2.8972
2.89487
2.89335
2.89267
2.89302
2.89727
2.91485
2.94274
2.90115
2.84419
2.8928
2.90895
2.90288
2.90031
2.89971
2.89971
2.89986
2.9
2.9
2.9
2.8972
2.8613
2.83486
2.82372
2.82888
2.8501
2.89164
2.95665
2.99355
2.88257
2.76758
2.84974
2.89749
2.89594
2.89078
2.89023
2.89269
2.89619
2.89986
2.9
2.9
2.89368
2.82366
2.77363
2.75532
2.76738
2.80175
2.85929
2.95341
3.01005
2.84674
2.6892
2.8474
2.88739
2.87466
2.87146
2.87663
2.88451
2.89234
2.89962
2.9
2.9
2.88859
2.78422
2.71381
2.6983
2.73028
2.78429
2.84666
2.8987
2.87571
2.83618
2.81026
2.88084
2.83344
2.82587
2.84246
2.86148
2.87711
2.88925
2.89936
2.9
2.9
2.88049
2.74554
2.66241
2.67162
2.75668
2.86324
2.9466
2.87656
2.72903
2.89556
2.99027
2.8893
2.78159
2.79261
2.82868
2.8567
2.8756
2.88884
2.89931
2.9
2.9
2.86749
2.71857
2.63664
2.70387
2.86753
2.93772
2.89901
2.86099
2.82117
2.89662
2.86829
2.85141
2.81669
2.83105
2.85369
2.8701
2.88214
2.89155
2.89965
2.9
2.9
2.85406
2.73751
2.68619
2.82922
2.99427
2.88726
2.70024
2.84938
2.99812
2.82819
2.70451
2.86453
2.9357
2.91666
2.89328
2.88737
2.88988
2.89481
2.90006
2.9
2.9
2.89026
2.85478
2.86539
2.91966
2.89156
2.86914
2.82209
2.85933
2.86631
2.85107
2.8526
2.8978
2.86395
2.85975
2.8703
2.88134
2.88961
2.89548
2.90008
2.9
2.9
2.93337
2.94945
2.99309
2.8808
2.68641
2.85358
3.00106
2.83025
2.69331
2.88129
3.00069
2.82322
2.68546
2.7577
2.83417
2.87171
2.888
2.8955
2.90001
2.9
2.9
2.90083
2.87963
2.86522
2.84576
2.81846
2.86733
2.85671
2.85263
2.83779
2.87098
2.85281
2.84508
2.85146
2.87172
2.88583
2.89161
2.89464
2.89739
2.90034
2.9
2.9
2.86182
2.79387
2.72991
2.84018
3.01221
2.86828
2.70259
2.86383
2.99317
2.82156
2.70799
2.90656
3.0498
2.99883
2.93875
2.90813
2.89761
2.89705
2.90059
2.9
2.9
2.87781
2.84115
2.82455
2.87925
2.86595
2.86028
2.85145
2.86559
2.8447
2.85855
2.85375
2.88193
2.91845
2.91187
2.89255
2.88261
2.8832
2.8902
2.90012
2.9
2.9
2.92774
2.93801
2.96765
2.87317
2.7176
2.86697
3.00701
2.82483
2.69666
2.88741
3.00642
2.86601
2.7621
2.77788
2.81287
2.83885
2.86012
2.87993
2.89933
2.9
2.9
2.90099
2.89649
2.87098
2.81869
2.84508
2.89289
2.84866
2.86003
2.87571
2.87619
2.89008
2.87003
2.79669
2.76973
2.78643
2.81528
2.84465
2.87241
2.89894
2.9
2.9
2.8828
2.85909
2.8316
2.88412
2.98364
2.83166
2.70201
2.90873
3.02666
2.83644
2.70446
2.75847
2.77124
2.76866
2.78391
2.81057
2.84042
2.87004
2.89888
2.9
2.9
2.89331
2.8804
2.88898
2.95302
2.99586
2.86236
2.78377
2.92494
2.98678
2.83872
2.71139
2.72629
2.75502
2.7735
2.79419
2.81911
2.84583
2.87257
2.89895
2.9
2.9
2.89856
2.89911
2.91572
2.95243
2.96174
2.89425
2.85719
2.91329
2.9324
2.8537
2.77561
2.76573
2.78164
2.79992
2.81872
2.83856
2.85888
2.87914
2.89916
2.9
2.9
2.89997
2.90373
2.91455
2.93046
2.93103
2.90361
2.88826
2.90545
2.90858
2.87417
2.83753
2.82775
2.83383
2.84411
2.85515
2.86635
2.87749
2.88856
2.89949
2.9
2.9
2.9
2.89997
2.90124
2.90438
2.90538
2.89986
2.89706
2.9021
2.904
2.89844
2.89341
2.89383
2.89571
2.89712
2.89801
2.89863
2.8991
2.89949
2.9
2.9
2.9
2.9
2.9
2.9
2.9
2.9
2.9
2.9
2.9
2.9
2.9
2.9
2.9
2.9
2.9
2.9
2.9
2.9
2.9
2.9
2.9
3
3
3
3
3
3
3
3
3
3
3
3
3
3
3
3
3
3
3
3
3
3
3
2.99761
2.99547
2.99383
2.9926
2.99196
2.99385
3.00536
3.02552
3.00275
2.96521
2.99603
3.0067
3.00223
3.00026
2.99975
2.99976
2.99988
3
3
3
2.99761
2.96483
2.93934
2.92553
2.92438
2.9365
2.96653
3.01883
3.05691
2.99125
2.90988
2.96305
2.99657
2.9952
2.99112
2.99076
2.99305
2.99634
2.99988
3
3
2.99475
2.93246
2.88536
2.86239
2.8631
2.8831
2.92657
3.00835
3.07649
2.98185
2.85822
2.95601
2.9855
2.97649
2.97398
2.9783
2.98529
2.99261
2.99965
3
3
2.99115
2.90214
2.83884
2.81656
2.83082
2.86653
2.92121
2.99374
3.02823
2.99737
2.93323
2.97091
2.94276
2.93724
2.9492
2.96449
2.97814
2.98949
2.99938
3
3
2.98621
2.87782
2.80831
2.80556
2.85961
2.93919
3.02612
3.02843
2.95776
3.02772
3.05121
2.9802
2.90579
2.91064
2.93643
2.95903
2.97588
2.98865
2.99932
3
3
2.97963
2.86848
2.80747
2.84822
2.95909
3.02881
3.0483
3.03112
2.96475
2.99667
2.99123
2.97643
2.93632
2.93803
2.95385
2.96845
2.98056
2.99064
2.99956
3
3
2.975
2.89464
2.86276
2.95363
3.0741
3.04127
2.93695
2.98348
3.03771
2.95984
2.91678
3.00993
3.02705
3.00047
2.98403
2.98255
2.98726
2.99355
2.99994
3
3
2.99799
2.98012
2.99048
3.0289
3.03728
3.03583
2.96345
2.96785
3.00366
3.00462
2.99528
3.01041
2.9757
2.96665
2.97305
2.98173
2.98914
2.99502
2.99997
3
3
3.02638
3.04864
3.08643
3.02241
2.9074
2.98749
3.04144
2.98671
2.95267
3.02589
3.0521
2.93775
2.86408
2.90967
2.95627
2.97978
2.99065
2.99626
3.00003
3
3
3.00552
2.99807
2.99333
2.97137
2.94059
2.97896
2.99954
3.02691
3.00224
3.0015
2.99048
2.99137
2.99613
2.99945
2.99967
2.99834
2.99786
2.99871
3.00037
3
3
2.97658
2.92701
2.87478
2.91972
3.02867
3.0111
2.95848
3.01307
3.04245
2.98107
2.95595
3.06399
3.13236
3.08755
3.03907
3.01226
3.00142
2.99914
3.00058
3
3
2.98489
2.95338
2.93322
2.96273
2.97907
3.01169
3.00201
2.99265
2.98823
3.02634
3.02357
3.02252
3.03633
3.02739
3.00771
2.99495
2.9915
2.99439
3.00026
3
3
3.01752
3.02088
3.04471
3.01079
2.93854
2.99042
3.04212
2.98085
2.94904
3.04724
3.08301
2.99532
2.94123
2.94452
2.95531
2.96461
2.9749
2.98685
2.99972
3
3
2.99827
2.98827
2.97409
2.96608
2.99913
3.00077
2.97334
3.02013
3.03879
3.01741
3.01091
3.00788
2.96739
2.9388
2.93606
2.94699
2.96313
2.98105
2.99945
3
3
2.9857
2.95711
2.93138
2.96857
3.04381
2.96804
2.9179
3.04749
3.09739
2.96272
2.8873
2.92961
2.93753
2.92776
2.9288
2.94093
2.95875
2.97872
2.99934
3
3
2.99324
2.97209
2.96883
3.00953
3.04912
2.98956
2.96291
3.04592
3.06314
2.95425
2.87593
2.89106
2.91102
2.92029
2.92998
2.94402
2.96124
2.98003
2.99932
3
3
2.99776
2.98963
2.99517
3.01977
3.03422
3.00487
2.9922
3.02527
3.0253
2.9639
2.91153
2.90752
2.9198
2.93184
2.94338
2.956
2.96986
2.98448
2.99939
3
3
2.99945
2.99781
3.00259
3.01375
3.01827
3.00644
3.00087
3.01091
3.00752
2.97966
2.95381
2.94806
2.95319
2.96053
2.96791
2.97544
2.98327
2.99136
2.99961
3
3
3
2.99945
2.99992
3.00189
3.00311
3.00071
2.99981
3.00259
3.00285
2.99868
2.99556
2.99608
2.99742
2.99828
2.99879
2.99912
2.99936
2.99961
3
3
3
3
3
3
3
3
3
3
3
3
3
3
3
3
3
3
3
3
3
3
3
3.1
3.1
3.1
3.1
3.1
3.1
3.1
3.1
3.1
3.1
3.1
3.1
3.1
3.1
3.1
3.1
3.1
3.1
3.1
3.1
3.1
3.1
3.1
3.09812
3.09634
3.09482
3.09349
3.09246
3.09317
3.10071
3.11556
3.10505
3.08156
3.10065
3.10637
3.1023
3.10049
3.09992
3.09985
3.09989
3.1
3.1
3.1
3.09812
3.07047
3.04797
3.03388
3.02922
3.03528
3.05669
3.09814
3.13553
3.10429
3.05222
3.08475
3.1041
3.09985
3.09473
3.09331
3.0946
3.09707
3.09989
3.1
3.1
3.09602
3.04472
3.00415
2.98077
2.975
2.98584
3.01909
3.08817
3.15803
3.11393
3.02615
3.08298
3.09865
3.08765
3.08242
3.08377
3.08836
3.09398
3.09972
3.1
3.1
3.09372
3.02366
2.97147
2.94777
2.95095
2.97448
3.02238
3.09892
3.15773
3.14151
3.0725
3.08846
3.06805
3.05942
3.06386
3.07285
3.08242
3.0913
3.09949
3.1
3.1
3.0912
3.01137
2.95807
2.94934
2.981
3.03927
3.12111
3.15922
3.13126
3.15689
3.1459
3.09586
3.04327
3.04036
3.0538
3.06806
3.08017
3.09039
3.09942
3.1
3.1
3.08878
3.01399
2.97278
2.99549
3.06649
3.12781
3.17575
3.17742
3.1102
3.11969
3.12068
3.10784
3.06887
3.06002
3.06583
3.07453
3.08341
3.09176
3.09961
3.1
3.1
3.08884
3.04142
3.0253
3.0803
3.16286
3.16871
3.12022
3.12825
3.13265
3.10225
3.09224
3.14435
3.13551
3.10466
3.08816
3.08547
3.08888
3.0942
3.09992
3.1
3.1
3.10293
3.1007
3.11242
3.13811
3.16126
3.17504
3.11124
3.10922
3.1483
3.15208
3.13225
3.13118
3.1004
3.086
3.08434
3.08738
3.09165
3.09594
3.1
3.1
3.1
3.12077
3.14755
3.18078
3.14748
3.0844
3.12627
3.13719
3.14423
3.152
3.16757
3.14296
3.06901
3.03018
3.05437
3.07755
3.08887
3.0943
3.09754
3.10008
3.1
3.1
3.10787
3.11326
3.11765
3.10079
3.07729
3.11411
3.14672
3.1879
3.16113
3.1445
3.12903
3.12716
3.12509
3.11711
3.10894
3.10321
3.10043
3.09984
3.10034
3.1
3.1
3.08763
3.05955
3.02485
3.03869
3.10537
3.14937
3.15121
3.16365
3.1448
3.13584
3.14106
3.19158
3.21153
3.1719
3.13444
3.11294
3.10333
3.10039
3.10049
3.1
3.1
3.09198
3.073
3.06046
3.07848
3.10379
3.15192
3.14732
3.13819
3.13864
3.17632
3.16697
3.14765
3.14247
3.13065
3.11347
3.10147
3.09676
3.09723
3.10029
3.1
3.1
3.11218
3.11575
3.13887
3.13837
3.10973
3.11862
3.12793
3.13333
3.14169
3.18534
3.17481
3.1173
3.08645
3.08238
3.08139
3.08197
3.08567
3.09212
3.09996
3.1
3.1
3.09806
3.08876
3.08476
3.10011
3.13435
3.12142
3.10675
3.16341
3.17753
3.14816
3.13067
3.13142
3.10693
3.08054
3.06931
3.07016
3.07751
3.08799
3.09977
3.1
3.1
3.08914
3.06204
3.04128
3.06845
3.12659
3.10056
3.09219
3.1701
3.17998
3.08865
3.04797
3.07778
3.08072
3.06797
3.06158
3.06457
3.07374
3.08605
3.0997
3.1
3.1
3.09404
3.07036
3.06113
3.08602
3.12198
3.10926
3.1111
3.1553
3.14717
3.07146
3.02717
3.04046
3.05296
3.05579
3.05827
3.06456
3.07443
3.08652
3.09963
3.1
3.1
3.09753
3.08467
3.08304
3.09856
3.11555
3.11144
3.11336
3.13025
3.1196
3.0748
3.04259
3.04233
3.05107
3.05802
3.06403
3.07104
3.07956
3.08927
3.09959
3.1
3.1
3.09919
3.09412
3.0946
3.10195
3.10874
3.10763
3.10829
3.11315
3.1063
3.08531
3.06856
3.06588
3.06986
3.07457
3.07897
3.08347
3.08846
3.09393
3.09971
3.1
3.1
3.1
3.09919
3.09912
3.10026
3.10155
3.10117
3.10127
3.10262
3.10196
3.09905
3.0973
3.09785
3.09871
3.0992
3.09939
3.0995
3.09957
3.09971
3.1
3.1
3.1
3.1
3.1
3.1
3.1
3.1
3.1
3.1
3.1
3.1
3.1
3.1
3.1
3.1
3.1
3.1
3.1
3.1
3.1
3.1
3.1
3.2
3.2
3.2
3.2
3.2
3.2
3.2
3.2
3.2
3.2
3.2
3.2
3.2
3.2
3.2
3.2
3.2
3.2
3.2
3.2
3.2
3.2
3.2
3.19861
3.19726
3.19595
3.19472
3.19366
3.19375
3.19854
3.20909
3.20506
3.19116
3.20389
3.20643
3.20253
3.20078
3.20013
3.19996
3.19992
3.2
3.2
3.2
3.19861
3.17675
3.15828
3.14545
3.13922
3.14118
3.15547
3.18631
3.21892
3.2088
3.17991
3.20243
3.21259
3.20577
3.19932
3.1966
3.19663
3.19803
3.19992
3.2
3.2
3.19718
3.15741
3.12467
3.1033
3.09429
3.09843
3.12167
3.17453
3.23511
3.22187
3.16858
3.2067
3.21368
3.20047
3.19233
3.1905
3.19236
3.19582
3.19983
3.2
3.2
3.19581
3.14353
3.10272
3.08032
3.07638
3.08945
3.12572
3.18923
3.24617
3.24533
3.19569
3.20722
3.19258
3.18157
3.1797
3.1828
3.188
3.19381
3.19966
3.2
3.2
3.19468
3.13846
3.09883
3.08686
3.10169
3.13946
3.2041
3.24611
3.23556
3.25131
3.23825
3.20936
3.17455
3.16794
3.17229
3.17907
3.18615
3.19303
3.19958
3.2
3.2
3.19423
3.14571
3.11739
3.12653
3.16638
3.20956
3.25847
3.26951
3.21444
3.21925
3.2251
3.22103
3.19258
3.18113
3.18022
3.18335
3.18831
3.19395
3.19974
3.2
3.2
3.1957
3.16865
3.15874
3.18699
3.23606
3.25018
3.23043
3.23294
3.21986
3.21008
3.21184
3.24877
3.23848
3.2117
3.19579
3.19116
3.19232
3.19579
3.19999
3.2
3.2
3.20399
3.20756
3.21423
3.22469
3.2445
3.2628
3.21728
3.21859
3.24878
3.2514
3.23117
3.23123
3.21261
3.19973
3.19406
3.1932
3.19473
3.19727
3.20007
3.2
3.2
3.21518
3.23918
3.26241
3.23976
3.20203
3.22811
3.22246
3.24865
3.2634
3.25982
3.22264
3.17916
3.16241
3.17761
3.18941
3.19447
3.19687
3.19857
3.20012
3.2
3.2
3.20764
3.21838
3.2249
3.21062
3.19162
3.22095
3.2461
3.2841
3.25965
3.24167
3.22465
3.22308
3.22162
3.21478
3.2079
3.20318
3.20081
3.20013
3.20027
3.2
3.2
3.19424
3.18158
3.16057
3.16094
3.19606
3.24735
3.25889
3.25932
3.2264
3.23469
3.24347
3.2677
3.27023
3.24367
3.22111
3.2082
3.20229
3.2004
3.20036
3.2
3.2
3.19693
3.18881
3.18365
3.1932
3.20901
3.24862
3.24337
3.23945
3.23813
3.26451
3.25012
3.22823
3.219
3.21337
3.20589
3.20013
3.1978
3.19827
3.20021
3.2
3.2
3.20903
3.2138
3.23371
3.24143
3.22476
3.21595
3.20724
3.23496
3.24898
3.26499
3.23917
3.20288
3.1867
3.18618
3.18723
3.18832
3.19085
3.19499
3.20002
3.2
3.2
3.19836
3.19063
3.19008
3.20863
3.23517
3.21908
3.20838
3.25593
3.26106
3.23326
3.21657
3.22065
3.20798
3.19071
3.18236
3.18186
3.18593
3.1924
3.19993
3.2
3.2
3.19198
3.16814
3.15076
3.16825
3.21036
3.20607
3.21011
3.25457
3.24567
3.18536
3.16638
3.19021
3.19349
3.18428
3.17828
3.17862
3.18356
3.19115
3.1999
3.2
3.2
3.19507
3.17204
3.16001
3.17376
3.20269
3.20969
3.22006
3.24121
3.22334
3.17283
3.15069
3.16395
3.17367
3.17507
3.17535
3.17817
3.18378
3.19131
3.19982
3.2
3.2
3.19764
3.18316
3.17743
3.18618
3.20168
3.20853
3.2154
3.22245
3.20847
3.1776
3.15978
3.16272
3.16994
3.1746
3.17786
3.1817
3.1868
3.19298
3.19975
3.2
3.2
3.1991
3.19245
3.19032
3.19458
3.20139
3.20508
3.20811
3.20975
3.2022
3.18742
3.17764
3.17737
3.18086
3.18414
3.18676
3.18941
3.19245
3.19596
3.1998
3.2
3.2
3.2
3.1991
3.19877
3.19937
3.2005
3.20099
3.20144
3.20197
3.20105
3.19911
3.19826
3.19882
3.19943
3.19967
3.19974
3.19973
3.1997
3.1998
3.2
3.2
3.2
3.2
3.2
3.2
3.2
3.2
3.2
3.2
3.2
3.2
3.2
3.2
3.2
3.2
3.2
3.2
3.2
3.2
3.2
3.2
3.2
3.3
3.3
3.3
3.3
3.3
3.3
3.3
3.3
3.3
3.3
3.3
3.3
3.3
3.3
3.3
3.3
3.3
3.3
3.3
3.3
3.3
3.3
3.3
3.29905
3.29805
3.29702
3.296
3.29498
3.29467
3.2973
3.30415
3.30298
3.29551
3.30509
3.30609
3.30256
3.30093
3.30028
3.30004
3.29996
3.3
3.3
3.3
3.29905
3.28285
3.2687
3.25794
3.2514
3.25033
3.25805
3.27821
3.30269
3.30324
3.29146
3.31095
3.31706
3.30957
3.30277
3.29934
3.29844
3.29892
3.29996
3.3
3.3
3.29806
3.26897
3.24407
3.22599
3.21556
3.21407
3.22637
3.26035
3.30461
3.30733
3.28346
3.31728
3.32196
3.30911
3.2999
3.29614
3.29593
3.29758
3.29989
3.3
3.3
3.29723
3.25989
3.2292
3.2092
3.20038
3.20319
3.22341
3.26385
3.30495
3.31602
3.29474
3.31347
3.30653
3.29656
3.29176
3.29117
3.29309
3.29622
3.29977
3.3
3.3
3.29674
3.25785
3.22821
3.21407
3.21556
3.23294
3.27273
3.30022
3.29265
3.31302
3.31487
3.30832
3.29082
3.28591
3.2862
3.28842
3.2917
3.29563
3.29977
3.3
3.3
3.29684
3.2643
3.24232
3.24023
3.25501
3.27469
3.30787
3.31834
3.27799
3.28731
3.30113
3.31154
3.2998
3.29313
3.29071
3.29088
3.29299
3.29618
3.29986
3.3
3.3
3.29802
3.27952
3.26797
3.27471
3.29437
3.29909
3.28828
3.29428
3.27957
3.27904
3.28776
3.32601
3.32805
3.3122
3.30035
3.29575
3.29556
3.29741
3.30005
3.3
3.3
3.30241
3.30273
3.29852
3.2918
3.29838
3.31132
3.27985
3.28378
3.30241
3.30537
3.29457
3.30721
3.30627
3.30165
3.29782
3.29644
3.29691
3.29834
3.30011
3.3
3.3
3.30964
3.32412
3.33235
3.30694
3.27653
3.29182
3.27773
3.29958
3.30806
3.30524
3.27873
3.26246
3.26433
3.28116
3.29153
3.29579
3.29775
3.299
3.30011
3.3
3.3
3.30566
3.31376
3.31527
3.29807
3.27686
3.29053
3.29654
3.32113
3.30081
3.29014
3.2793
3.28547
3.29356
3.29752
3.29894
3.29922
3.29938
3.29972
3.30018
3.3
3.3
3.29736
3.29142
3.27663
3.26865
3.27701
3.30598
3.30363
3.30019
3.26945
3.2811
3.28842
3.30811
3.31492
3.30798
3.30276
3.30022
3.29939
3.29956
3.3002
3.3
3.3
3.29933
3.2963
3.29319
3.29269
3.28923
3.30595
3.29262
3.2904
3.28531
3.30033
3.28742
3.27566
3.2757
3.28401
3.29066
3.294
3.2961
3.29805
3.30008
3.3
3.3
3.30647
3.30994
3.32233
3.32301
3.30082
3.28144
3.26305
3.28795
3.29372
3.2983
3.27639
3.26007
3.25872
3.26954
3.28047
3.28731
3.29204
3.29609
3.3
3.3
3.3
3.29838
3.29054
3.28728
3.29686
3.30929
3.29037
3.27628
3.30592
3.30193
3.28092
3.27343
3.28487
3.28476
3.28113
3.28193
3.28533
3.28977
3.29476
3.30001
3.3
3.3
3.29397
3.27303
3.25636
3.26331
3.2886
3.2871
3.28769
3.3096
3.29422
3.25642
3.2529
3.27711
3.28554
3.28406
3.28323
3.28511
3.28905
3.29426
3.30003
3.3
3.3
3.29604
3.2752
3.26185
3.2668
3.28571
3.2947
3.30221
3.31007
3.29154
3.25979
3.25236
3.2676
3.27832
3.28185
3.28339
3.28582
3.2896
3.29448
3.29996
3.3
3.3
3.29797
3.28398
3.27626
3.27965
3.29063
3.29852
3.30419
3.30569
3.29283
3.27308
3.26523
3.27112
3.27851
3.28298
3.28572
3.28838
3.29162
3.29553
3.29986
3.3
3.3
3.29917
3.29235
3.28891
3.29066
3.29576
3.29992
3.30267
3.30248
3.29597
3.28638
3.28162
3.28325
3.2868
3.28962
3.29158
3.29329
3.29522
3.29742
3.29987
3.3
3.3
3.3
3.29917
3.29872
3.29898
3.29979
3.30037
3.30078
3.3009
3.30007
3.29888
3.29858
3.29913
3.29964
3.29985
3.29985
3.29984
3.29984
3.29987
3.3
3.3
3.3
3.3
3.3
3.3
3.3
3.3
3.3
3.3
3.3
3.3
3.3
3.3
3.3
3.3
3.3
3.3
3.3
3.3
3.3
3.3
3.3
3.4
3.4
3.4
3.4
3.4
3.4
3.4
3.4
3.4
3.4
3.4
3.4
3.4
3.4
3.4
3.4
3.4
3.4
3.4
3.4
3.4
3.4
3.4
3.3994
3.39873
3.39803
3.39723
3.39638
3.3958
3.39686
3.40071
3.40051
3.39711
3.40473
3.40508
3.40218
3.40084
3.40033
3.40008
3.39998
3.4
3.4
3.4
3.3994
3.38858
3.37881
3.37083
3.36504
3.36229
3.36474
3.37532
3.39067
3.39476
3.39342
3.4119
3.41654
3.40999
3.40404
3.40079
3.39962
3.39957
3.39998
3.4
3.4
3.39878
3.37945
3.36225
3.34851
3.33864
3.33341
3.33608
3.35248
3.37896
3.38696
3.3832
3.41728
3.4223
3.41168
3.40352
3.3995
3.3984
3.39884
3.39994
3.4
3.4
3.39828
3.37358
3.35225
3.33613
3.32528
3.32024
3.32515
3.34202
3.36357
3.38039
3.38284
3.41014
3.41007
3.40315
3.39846
3.39654
3.3967
3.39805
3.39992
3.4
3.4
3.39797
3.37228
3.35096
3.33692
3.32996
3.33107
3.3472
3.35538
3.34421
3.37091
3.38859
3.39909
3.39514
3.39436
3.39419
3.39455
3.39576
3.39763
3.39986
3.4
3.4
3.39802
3.37574
3.35786
3.3489
3.34659
3.34548
3.35929
3.36444
3.33605
3.35097
3.3711
3.3936
3.39667
3.39693
3.39614
3.3957
3.39638
3.39794
3.39997
3.4
3.4
3.39838
3.38315
3.36855
3.36115
3.35968
3.35077
3.33943
3.34936
3.33836
3.3414
3.35383
3.39714
3.41242
3.40777
3.4013
3.39822
3.39773
3.39863
3.40009
3.4
3.4
3.40023
3.39478
3.38051
3.36067
3.35454
3.35942
3.33653
3.34083
3.34954
3.35365
3.35415
3.37972
3.39358
3.39763
3.39771
3.39763
3.39812
3.39903
3.40009
3.4
3.4
3.40495
3.40903
3.40396
3.37304
3.3435
3.35114
3.33227
3.34219
3.34212
3.34678
3.33746
3.34168
3.35659
3.37777
3.39006
3.39545
3.39784
3.39916
3.4001
3.4
3.4
3.40321
3.40565
3.40062
3.37994
3.3554
3.35343
3.34021
3.3503
3.33477
3.33386
3.332
3.34721
3.36565
3.38078
3.39036
3.39537
3.39789
3.39922
3.4001
3.4
3.4
3.39846
3.39384
3.38094
3.36837
3.35806
3.3597
3.33899
3.33445
3.31169
3.32289
3.32917
3.35301
3.37047
3.38051
3.38876
3.39399
3.39704
3.39881
3.40009
3.4
3.4
3.40005
3.39796
3.39387
3.38532
3.36454
3.35892
3.33697
3.33439
3.32676
3.33424
3.32657
3.32823
3.3403
3.36138
3.3791
3.38924
3.39462
3.39776
3.4
3.4
3.4
3.4042
3.4051
3.40963
3.40016
3.36913
3.34418
3.32109
3.33522
3.3311
3.33308
3.32216
3.32233
3.33299
3.35439
3.37408
3.38585
3.3925
3.39672
3.39999
3.4
3.4
3.3983
3.39
3.38255
3.38105
3.38052
3.35959
3.34064
3.35336
3.34315
3.33049
3.33408
3.353
3.36288
3.37056
3.37947
3.38666
3.39201
3.39625
3.40004
3.4
3.4
3.39549
3.37793
3.36165
3.3599
3.37108
3.36511
3.35802
3.36606
3.35087
3.32906
3.33607
3.36211
3.37533
3.38058
3.38466
3.38863
3.39248
3.39627
3.40007
3.4
3.4
3.39704
3.37999
3.36715
3.36598
3.37527
3.37922
3.38061
3.38171
3.36686
3.34868
3.35022
3.36675
3.37862
3.3843
3.38761
3.39044
3.3934
3.39664
3.40004
3.4
3.4
3.39844
3.38683
3.37918
3.37898
3.38479
3.38949
3.39193
3.39084
3.38124
3.36989
3.3683
3.37564
3.38305
3.38768
3.39047
3.39267
3.39489
3.39734
3.39996
3.4
3.4
3.39933
3.3936
3.39006
3.39017
3.39298
3.39569
3.39714
3.39619
3.3915
3.38595
3.38439
3.387
3.39044
3.39298
3.39463
3.39591
3.39713
3.39848
3.39994
3.4
3.4
3.4
3.39933
3.39893
3.39898
3.39942
3.39979
3.40002
3.39998
3.39936
3.39872
3.3987
3.39923
3.39968
3.39987
3.39992
3.39993
3.39992
3.39994
3.4
3.4
3.4
3.4
3.4
3.4
3.4
3.4
3.4
3.4
3.4
3.4
3.4
3.4
3.4
3.4
3.4
3.4
3.4
3.4
3.4
3.4
3.4
3.5
3.5
3.5
3.5
3.5
3.5
3.5
3.5
3.5
3.5
3.5
3.5
3.5
3.5
3.5
3.5
3.5
3.5
3.5
3.5
3.5
3.5
3.5
3.4997
3.49937
3.49901
3.49855
3.49804
3.49753
3.4977
3.49935
3.49929
3.49808
3.50324
3.50327
3.50135
3.50051
3.50016
3.5001
3.49999
3.5
3.5
3.5
3.4997
3.49414
3.489
3.48451
3.48081
3.47823
3.47781
3.4815
3.48897
3.49192
3.49363
3.50966
3.51236
3.50708
3.50308
3.50094
3.50007
3.49989
3.49999
3.5
3.5
3.49939
3.48942
3.48027
3.47239
3.46571
3.46032
3.45739
3.46104
3.47339
3.47843
3.48059
3.51577
3.51818
3.50905
3.50339
3.5006
3.49962
3.4996
3.49998
3.5
3.5
3.49913
3.48632
3.47477
3.46503
3.45659
3.44911
3.44441
3.44446
3.44917
3.46457
3.47675
3.50807
3.50821
3.50371
3.50065
3.49913
3.49883
3.49921
3.49997
3.5
3.5
3.49895
3.48535
3.4733
3.46364
3.45551
3.44912
3.45146
3.44428
3.42371
3.45656
3.48088
3.49455
3.49494
3.49731
3.49792
3.49797
3.49829
3.49899
3.49998
3.5
3.5
3.4989
3.4863
3.4749
3.46667
3.45854
3.4451
3.44682
3.44879
3.42547
3.44406
3.4613
3.48534
3.49322
3.49758
3.4985
3.49837
3.49854
3.49914
3.5
3.5
3.5
3.49871
3.48817
3.47553
3.46559
3.45588
3.43696
3.42265
3.44149
3.43394
3.4342
3.44025
3.48575
3.50541
3.50466
3.50113
3.49947
3.4991
3.49943
3.50005
3.5
3.5
3.49916
3.49224
3.47459
3.45101
3.44204
3.44619
3.42911
3.43492
3.43679
3.43929
3.44352
3.47425
3.49152
3.49703
3.49811
3.49858
3.49904
3.49955
3.50009
3.5
3.5
3.50189
3.50131
3.49231
3.46048
3.43299
3.4456
3.4257
3.42672
3.41726
3.43114
3.43268
3.44319
3.45916
3.48046
3.49178
3.49645
3.49849
3.49946
3.50006
3.5
3.5
3.50132
3.50094
3.49482
3.47725
3.45571
3.44874
3.42356
3.42728
3.41566
3.42278
3.42442
3.44151
3.46161
3.47918
3.48997
3.49541
3.49805
3.49933
3.50007
3.5
3.5
3.49901
3.49505
3.48395
3.47538
3.46116
3.4475
3.41366
3.41574
3.40037
3.41174
3.41277
3.44038
3.46127
3.4759
3.48732
3.49384
3.49722
3.49897
3.50001
3.5
3.5
3.50008
3.49842
3.49544
3.48781
3.45959
3.44578
3.42214
3.42329
3.41581
3.41876
3.41325
3.42164
3.43708
3.46154
3.48083
3.4909
3.49583
3.49839
3.49998
3.5
3.5
3.50226
3.50272
3.50541
3.49161
3.4557
3.43597
3.41537
3.42456
3.41172
3.41708
3.41368
3.42097
3.43374
3.45772
3.47862
3.48945
3.49493
3.49797
3.49999
3.5
3.5
3.49866
3.49201
3.48324
3.47651
3.47331
3.45563
3.43551
3.43959
3.42644
3.42041
3.43196
3.45342
3.46416
3.47408
3.48431
3.49104
3.49514
3.49791
3.50003
3.5
3.5
3.49724
3.48523
3.47144
3.46598
3.47132
3.46218
3.44994
3.45392
3.44255
3.42993
3.44178
3.46679
3.47879
3.48483
3.48955
3.49314
3.4959
3.49809
3.50007
3.5
3.5
3.49829
3.48754
3.47823
3.47489
3.47828
3.47788
3.47553
3.4753
3.4659
3.45656
3.46138
3.47546
3.48481
3.48964
3.4926
3.4948
3.49663
3.49837
3.50006
3.5
3.5
3.4991
3.49198
3.48675
3.48538
3.48757
3.48915
3.4894
3.48811
3.48263
3.47723
3.47817
3.48419
3.48953
3.49283
3.49484
3.49627
3.49751
3.49875
3.50001
3.5
3.5
3.49962
3.49615
3.49374
3.49329
3.49442
3.49553
3.49594
3.49517
3.4926
3.49004
3.48993
3.4921
3.49448
3.49616
3.49724
3.49798
3.49865
3.4993
3.49995
3.5
3.5
3.5
3.49962
3.49938
3.49933
3.49951
3.49966
3.49973
3.49967
3.49935
3.49908
3.49915
3.49949
3.49978
3.49992
3.49997
3.49997
3.49997
3.49995
3.5
3.5
3.5
3.5
3.5
3.5
3.5
3.5
3.5
3.5
3.5
3.5
3.5
3.5
3.5
3.5
3.5
3.5
3.5
3.5
3.5
3.5
3.5
3.6
3.6
3.6
3.6
3.6
3.6
3.6
3.6
3.6
3.6
3.6
3.6
3.6
3.6
3.6
3.6
3.6
3.6
3.6
3.6
3.6
3.6
3.6
3.6
3.6
3.6
3.6
3.6
3.6
3.6
3.60001
3.60002
3.6
3.59999
3.6
3.6
3.6
3.6
3.6
3.6
3.6
3.6
3.6
3.6
3.5997
3.59938
3.59901
3.59855
3.59804
3.5975
3.59743
3.59984
3.59953
3.59583
3.60803
3.60625
3.60134
3.60051
3.60016
3.6001
3.59999
3.6
3.6
3.6
3.6
3.59939
3.59878
3.59807
3.59711
3.59553
3.59081
3.58608
3.59602
3.58794
3.56829
3.63044
3.61623
3.60206
3.60068
3.60025
3.60008
3.59998
3.6
3.6
3.6
3.6
3.59912
3.59828
3.59732
3.59562
3.59113
3.58009
3.5724
3.56662
3.57316
3.57416
3.6225
3.60412
3.60065
3.60025
3.60002
3.59996
3.59997
3.6
3.6
3.6
3.6
3.59895
3.59797
3.5966
3.59415
3.59027
3.59726
3.57659
3.51097
3.58465
3.61047
3.59942
3.59074
3.59864
3.59977
3.59989
3.59994
3.59998
3.6
3.6
3.6
3.6
3.59892
3.59808
3.59892
3.59817
3.57303
3.5805
3.58894
3.54421
3.58157
3.57821
3.59244
3.58894
3.59751
3.59995
3.59999
3.6
3.6
3.6
3.6
3.6
3.59996
3.59805
3.5941
3.59852
3.59366
3.55443
3.52197
3.59259
3.58041
3.56522
3.53247
3.60676
3.62069
3.60703
3.60108
3.60029
3.6001
3.60004
3.6
3.6
3.6
3.59998
3.59872
3.57931
3.55464
3.56214
3.58879
3.56797
3.58197
3.58325
3.57481
3.56748
3.60627
3.61182
3.60424
3.60061
3.60017
3.6001
3.60009
3.6
3.6
3.6
3.60003
3.604
3.60949
3.57047
3.52788
3.59772
3.56524
3.56738
3.52571
3.57382
3.57322
3.56665
3.56623
3.59281
3.59916
3.59983
3.60002
3.60004
3.6
3.6
3.6
3.60002
3.60233
3.60605
3.60202
3.58937
3.59545
3.55188
3.57246
3.55739
3.57477
3.56584
3.57471
3.58673
3.59637
3.59924
3.59976
3.59999
3.60007
3.6
3.6
3.6
3.60001
3.59813
3.58175
3.5937
3.59799
3.58437
3.51695
3.56021
3.53362
3.56252
3.53402
3.58424
3.59687
3.59602
3.59894
3.59963
3.59993
3.60001
3.6
3.6
3.6
3.59998
3.59904
3.60138
3.61555
3.57638
3.58114
3.55988
3.5781
3.57383
3.57052
3.55513
3.55828
3.56205
3.58557
3.59735
3.5992
3.59979
3.59998
3.6
3.6
3.6
3.60004
3.60459
3.62369
3.61086
3.54916
3.55961
3.54282
3.57479
3.53194
3.56374
3.55188
3.55386
3.55384
3.57885
3.59673
3.59908
3.59977
3.59999
3.6
3.6
3.6
3.59997
3.59741
3.58679
3.58147
3.60373
3.59325
3.56777
3.57904
3.55828
3.5531
3.57581
3.60009
3.59605
3.59494
3.59848
3.59949
3.5999
3.60003
3.6
3.6
3.6
3.59998
3.59613
3.58325
3.57689
3.59404
3.58168
3.56054
3.57972
3.57326
3.55544
3.57072
3.59908
3.60007
3.59929
3.59955
3.59985
3.60001
3.60008
3.6
3.6
3.6
3.6
3.59828
3.596
3.59344
3.5952
3.59454
3.59321
3.59687
3.59222
3.58738
3.59019
3.59745
3.59936
3.59972
3.59984
3.59996
3.60003
3.60006
3.6
3.6
3.6
3.6
3.5991
3.59838
3.59814
3.59864
3.59901
3.59922
3.59907
3.59811
3.59723
3.59764
3.59881
3.59954
3.59982
3.59992
3.59997
3.59998
3.60001
3.6
3.6
3.6
3.6
3.59962
3.59938
3.59933
3.59951
3.59966
3.59973
3.59967
3.59935
3.59908
3.59915
3.59949
3.59979
3.59992
3.59997
3.59997
3.59997
3.59995
3.6
3.6
3.6
3.6
3.6
3.6
3.6
3.6
3.6
3.6
3.6
3.6
3.6
3.6
3.6
3.6
3.6
3.6
3.6
3.6
3.6
3.6
3.6
3.6
3.6
3.6
3.6
3.6
3.6
3.6
3.6
3.6
3.6
3.6
3.6
3.6
3.6
3.6
3.6
3.6
3.6
3.6
3.6
3.6
3.7
3.7
3.7
3.7
3.7
3.7
3.7
3.7
3.7
3.7
3.7
3.7
3.7
3.7
3.7
3.7
3.7
3.7
3.7
3.7
3.7
3.7
3.7
3.7
3.7
3.7
3.7
3.7
3.7
3.7
3.7
3.7
3.7
3.7
3.7
3.7
3.7
3.7
3.7
3.7
3.7
3.7
3.7
3.7
3.7
3.7
3.7
3.7
3.7
3.7
3.7
3.7
3.7
3.7
3.7
3.7
3.7
3.7
3.7
3.7
3.7
3.7
3.7
3.7
3.7
3.7
3.7
3.7
3.7
3.7
3.7
3.7
3.7
3.7
3.7
3.7
3.7
3.7
3.7
3.7
3.7
3.7
3.7
3.7
3.7
3.7
3.7
3.7
3.7
3.7
3.7
3.7
3.7
3.7
3.7
3.7
3.7
3.7
3.7
3.7
3.7
3.7
3.7
3.7
3.7
3.7
3.7
3.7
3.7
3.7
3.7
3.7
3.7
3.7
3.7
3.7
3.7
3.7
3.7
3.7
3.7
3.7
3.7
3.7
3.7
3.7
3.7
3.7
3.7
3.7
3.7
3.7
3.7
3.7
3.7
3.7
3.7
3.7
3.7
3.7
3.7
3.7
3.7
3.7
3.7
3.7
3.7
3.7
3.7
3.7
3.7
3.7
3.7
3.7
3.7
3.7
3.7
3.7
3.7
3.7
3.7
3.7
3.7
3.7
3.7
3.7
3.7
3.7
3.7
3.7
3.7
3.7
3.7
3.7
3.7
3.7
3.7
3.7
3.7
3.7
3.7
3.7
3.7
3.7
3.7
3.7
3.7
3.7
3.7
3.7
3.7
3.7
3.7
3.7
3.7
3.7
3.7
3.7
3.7
3.7
3.7
3.7
3.7
3.7
3.7
3.7
3.7
3.7
3.7
3.7
3.7
3.7
3.7
3.7
3.7
3.7
3.7
3.7
3.7
3.7
3.7
3.7
3.7
3.7
3.7
3.7
3.7
3.7
3.7
3.7
3.7
3.7
3.7
3.7
3.7
3.7
3.7
3.7
3.7
3.7
3.7
3.7
3.7
3.7
3.7
3.7
3.7
3.7
3.7
3.7
3.7
3.7
3.7
3.7
3.7
3.7
3.7
3.7
3.7
3.7
3.7
3.7
3.7
3.7
3.7
3.7
3.7
3.7
3.7
3.7
3.7
3.7
3.7
3.7
3.7
3.7
3.7
3.7
3.7
3.7
3.7
3.7
3.7
3.7
3.7
3.7
3.7
3.7
3.7
3.7
3.7
3.7
3.7
3.7
3.7
3.7
3.7
3.7
3.7
3.7
3.7
3.7
3.7
3.7
3.7
3.7
3.7
3.7
3.7
3.7
3.7
3.7
3.7
3.7
3.7
3.7
3.7
3.7
3.7
3.7
3.7
3.7
3.7
3.7
3.7
3.7
3.7
3.7
3.7
3.7
3.7
3.7
3.7
3.7
3.7
3.7
3.7
3.7
3.7
3.7
3.7
3.7
3.7
3.7
3.7
3.7
3.7
3.7
3.7
3.7
3.7
3.7
3.7
3.7
3.7
3.7
3.7
3.7
3.7
3.7
3.7
3.7
3.7
3.7
3.7
3.7
3.7
3.7
3.7
3.7
3.7
3.7
3.7
3.7
3.7
3.7
3.7
3.7
3.7
3.7
3.7
3.7
3.7
3.7
3.7
3.7
3.7
3.7
3.7
3.7
3.7
3.7
3.7
3.7
3.7
3.7
3.7
3.7
3.7
3.7
3.7
3.7
3.7
3.7
3.7
3.7
3.7
3.7
3.7
3.7
3.7
3.7
3.7
3.7
3.7
3.7
3.7
3.7
3.7
3.7
3.7
3.7
3.7
3.7
3.7
3.7
3.7
3.7
3.7
3.7
3.7
3.7
3.7
3.7
3.7
3.7
3.7
3.7
3.7
3.7
3.7
