0.000000 2.000000 4.000000 6.000000 8.000000 10.000000 15.000000 20.000000 25.000000 30.000000 35.000000 40.000000 45.000000 50.000000 55.000000 60.000000 
2.500000 2.500000 2.500000 2.500000 2.500000 2.500000 2.500000 2.500000 2.500000 2.500000 2.500000 2.500000 2.500000 2.500000 2.500000 2.500000 2.500000 2.500000 2.500000 2.500000 2.500000 
2.500000 2.500000 2.500000 2.500000 2.500000 2.500000 2.500000 2.500000 2.500000 2.500250 2.500270 2.499800 2.499740 2.499830 2.500000 2.500000 2.500000 2.500000 2.500000 2.500000 2.500000 
2.500000 2.500000 2.499640 2.499490 2.499770 2.500600 2.502210 2.505370 2.515370 2.556290 2.522500 2.459720 2.503160 2.510330 2.501450 2.500480 2.500180 2.500090 2.500050 2.500000 2.500000 
2.500000 2.500000 2.499030 2.498540 2.498960 2.500400 2.501420 2.496860 2.547960 2.702750 2.502350 2.310370 2.566040 2.526590 2.501000 2.500500 2.500210 2.500120 2.500060 2.500000 2.500000 
2.500000 2.500000 2.497790 2.496400 2.496620 2.494900 2.480300 2.493630 2.592890 2.470040 2.379420 2.489560 2.583320 2.474730 2.495200 2.499700 2.500110 2.500150 2.500080 2.500000 2.500000 
2.500000 2.500000 2.495230 2.490870 2.481950 2.459670 2.516360 2.693460 2.526540 2.008060 2.559050 2.797120 2.509110 2.430750 2.488330 2.499590 2.500370 2.500330 2.500160 2.500000 2.500000 
2.500000 2.499990 2.487820 2.454300 2.417860 2.525300 2.664270 2.537450 2.372140 2.433150 2.686870 2.487450 2.489320 2.468840 2.491340 2.502080 2.501410 2.500720 2.500290 2.500000 2.500000 
2.500000 2.499450 2.457710 2.348480 2.513240 2.808070 2.496950 2.000000 2.537590 3.043560 2.433510 2.041960 2.471170 2.644890 2.563890 2.508530 2.502550 2.501010 2.500380 2.500000 2.500000 
2.500000 2.499680 2.489530 2.514780 2.683080 2.542240 2.331670 2.453660 2.704750 2.513260 2.424990 2.425210 2.593210 2.573050 2.524900 2.504130 2.501380 2.500660 2.500280 2.500000 2.500000 
2.500000 2.500210 2.525050 2.681960 2.524920 2.000000 2.494720 3.102280 2.447530 2.000000 2.574370 2.974940 2.514770 2.235850 2.436540 2.495730 2.499450 2.500120 2.500130 2.500000 2.500000 
2.500000 2.500080 2.496090 2.464020 2.437920 2.440990 2.668900 2.543200 2.401010 2.456460 2.659180 2.543550 2.450030 2.445530 2.488520 2.500360 2.500170 2.500200 2.500110 2.500000 2.500000 
2.500000 2.499960 2.473340 2.323070 2.491800 3.042260 2.459020 2.000000 2.542720 3.098640 2.424060 2.000000 2.546490 2.754160 2.550410 2.506560 2.501420 2.500360 2.500090 2.500000 2.500000 
2.500000 2.499830 2.477800 2.463690 2.664780 2.521270 2.382890 2.471510 2.663470 2.530510 2.455490 2.468010 2.531860 2.562660 2.523040 2.502490 2.500070 2.499780 2.499860 2.500000 2.500000 
2.500000 2.500340 2.527230 2.677580 2.529740 2.000000 2.525560 3.083410 2.421840 2.000000 2.538680 2.903240 2.513350 2.319310 2.444210 2.492980 2.497370 2.498800 2.499510 2.500000 2.500000 
2.500000 2.500020 2.511320 2.514070 2.365910 2.430080 2.701540 2.504340 2.428110 2.523620 2.519010 2.577470 2.566760 2.461080 2.471360 2.492410 2.496510 2.498310 2.499300 2.500000 2.500000 
2.500000 2.499900 2.495760 2.452270 2.518490 2.768910 2.475990 2.107160 2.550490 2.804900 2.508540 2.307810 2.467430 2.495670 2.492070 2.494710 2.496930 2.498350 2.499290 2.500000 2.500000 
2.500000 2.500000 2.501160 2.503570 2.546120 2.592130 2.471030 2.392300 2.528710 2.565620 2.510630 2.454400 2.483020 2.493210 2.494740 2.496340 2.497680 2.498660 2.499390 2.500000 2.500000 
2.500000 2.500000 2.501370 2.503720 2.508880 2.510890 2.497720 2.488910 2.500890 2.507720 2.502460 2.495320 2.494960 2.495950 2.496850 2.497730 2.498490 2.499070 2.499550 2.500000 2.500000 
2.500000 2.500000 2.500740 2.501780 2.503050 2.502890 2.499710 2.497650 2.499940 2.501810 2.500670 2.498640 2.498060 2.498210 2.498550 2.498930 2.499270 2.499520 2.499750 2.500000 2.500000 
2.500000 2.500000 2.500000 2.500000 2.500000 2.500000 2.500000 2.500000 2.500000 2.500000 2.500000 2.500000 2.500000 2.500000 2.500000 2.500000 2.500000 2.500000 2.500000 2.500000 2.500000 
2.500000 2.500000 2.500000 2.500000 2.500000 2.500000 2.500000 2.500000 2.500000 2.500000 2.500000 2.500000 2.500000 2.500000 2.500000 2.500000 2.500000 2.500000 2.500000 2.500000 2.500000 
2.540000 2.540000 2.540000 2.540000 2.540000 2.540000 2.540000 2.540000 2.540000 2.540000 2.540000 2.540000 2.540000 2.540000 2.540000 2.540000 2.540000 2.540000 2.540000 2.540000 2.540000 
2.540000 2.540000 2.539640 2.539490 2.539770 2.540600 2.542210 2.545460 2.552900 2.563600 2.546860 2.526510 2.541290 2.544060 2.541440 2.540480 2.540180 2.540090 2.540050 2.540000 2.540000 
2.540000 2.539640 2.535930 2.535500 2.540340 2.550660 2.565580 2.584800 2.608460 2.621280 2.567600 2.517310 2.549740 2.558050 2.550580 2.545490 2.542860 2.541500 2.540680 2.540050 2.540000 
2.540000 2.539030 2.530540 2.528740 2.537540 2.556120 2.580230 2.607080 2.641340 2.653300 2.551700 2.485950 2.575610 2.571650 2.555150 2.547990 2.544600 2.542660 2.541260 2.540060 2.540000 
2.540000 2.537790 2.522150 2.517320 2.530170 2.557180 2.587480 2.613650 2.605750 2.510070 2.498420 2.560860 2.603300 2.557730 2.548910 2.547460 2.545830 2.543890 2.541950 2.540080 2.540000 
2.540000 2.535230 2.510020 2.500090 2.519990 2.564560 2.617530 2.641280 2.524110 2.345870 2.542780 2.663190 2.596020 2.540080 2.545900 2.550390 2.549060 2.546030 2.542980 2.540160 2.540000 
2.540000 2.530090 2.495730 2.478080 2.520500 2.613180 2.631600 2.533970 2.487330 2.514920 2.593130 2.534660 2.545610 2.557480 2.566280 2.562880 2.555350 2.548930 2.544130 2.540290 2.540000 
2.540000 2.523100 2.492430 2.478830 2.585140 2.677340 2.527020 2.342380 2.555600 2.722030 2.523280 2.355230 2.509570 2.615820 2.607830 2.576660 2.559420 2.550070 2.544440 2.540370 2.540000 
2.540000 2.538820 2.540850 2.574430 2.627910 2.549370 2.478110 2.529190 2.607560 2.534940 2.505110 2.513880 2.578500 2.579970 2.570270 2.558850 2.551490 2.546560 2.543050 2.540280 2.540000 
2.540000 2.551610 2.571120 2.616970 2.541240 2.366950 2.547360 2.745130 2.516800 2.283730 2.551940 2.720160 2.580490 2.450590 2.494190 2.529420 2.539530 2.541300 2.540920 2.540130 2.540000 
2.540000 2.537280 2.534330 2.528510 2.531400 2.541820 2.596620 2.545030 2.497780 2.517110 2.597660 2.563370 2.532570 2.519690 2.530510 2.537670 2.538740 2.538870 2.539320 2.540110 2.540000 
2.540000 2.526710 2.510070 2.487120 2.600660 2.743150 2.512610 2.277890 2.545000 2.747220 2.526900 2.334110 2.531520 2.645720 2.592030 2.553790 2.539490 2.536190 2.537340 2.540090 2.540000 
2.540000 2.534910 2.538700 2.557570 2.621970 2.562480 2.498810 2.519330 2.595510 2.561550 2.522340 2.519540 2.567050 2.580780 2.551840 2.531540 2.526130 2.528270 2.533540 2.539860 2.540000 
2.540000 2.552860 2.581730 2.621600 2.529930 2.352530 2.565820 2.748610 2.521230 2.325610 2.543340 2.707770 2.584360 2.460730 2.465420 2.489260 2.504930 2.517510 2.528810 2.539510 2.540000 
2.540000 2.545300 2.567240 2.568110 2.502750 2.507720 2.619080 2.574980 2.517060 2.526470 2.574470 2.611940 2.559980 2.467080 2.452650 2.472610 2.493000 2.510460 2.525540 2.539300 2.540000 
2.540000 2.539230 2.554940 2.560010 2.597320 2.667130 2.544400 2.388700 2.546980 2.675080 2.578070 2.472580 2.478220 2.464310 2.461030 2.474360 2.492130 2.509300 2.524860 2.539290 2.540000 
2.540000 2.541250 2.559250 2.581460 2.622780 2.640520 2.532940 2.449290 2.547200 2.616290 2.562110 2.485600 2.473240 2.470910 2.474060 2.484730 2.498760 2.513080 2.526580 2.539390 2.540000 
2.540000 2.541370 2.556950 2.574810 2.593690 2.590750 2.542050 2.508400 2.540580 2.567320 2.546250 2.509680 2.494060 2.490320 2.493060 2.500450 2.510100 2.520240 2.530070 2.539550 2.540000 
2.540000 2.540740 2.549690 2.558990 2.566100 2.562210 2.543160 2.530480 2.539510 2.548160 2.540360 2.525340 2.516540 2.513930 2.515290 2.519110 2.524110 2.529420 2.534660 2.539750 2.540000 
2.540000 2.540000 2.540740 2.541780 2.543050 2.542890 2.539710 2.537650 2.539940 2.541810 2.540670 2.538640 2.538060 2.538210 2.538550 2.538930 2.539270 2.539520 2.539750 2.540000 2.540000 
2.540000 2.540000 2.540000 2.540000 2.540000 2.540000 2.540000 2.540000 2.540000 2.540000 2.540000 2.540000 2.540000 2.540000 2.540000 2.540000 2.540000 2.540000 2.540000 2.540000 2.540000 
2.580000 2.580000 2.580000 2.580000 2.580000 2.580000 2.580000 2.580000 2.580000 2.580000 2.580000 2.580000 2.580000 2.580000 2.580000 2.580000 2.580000 2.580000 2.580000 2.580000 2.580000 
2.580000 2.580000 2.579310 2.579040 2.579600 2.581260 2.584360 2.589930 2.600270 2.611780 2.589670 2.565620 2.582940 2.585770 2.582260 2.580810 2.580320 2.580150 2.580070 2.580000 2.580000 
2.580000 2.579310 2.572090 2.570980 2.579630 2.598270 2.624470 2.654980 2.683330 2.685210 2.619980 2.567500 2.596700 2.604950 2.596030 2.588560 2.584430 2.582280 2.581020 2.580070 2.580000 
2.580000 2.578200 2.562240 2.558800 2.574930 2.608940 2.652110 2.694290 2.723120 2.704300 2.607110 2.557920 2.625420 2.622620 2.603700 2.592730 2.587180 2.584070 2.581920 2.580100 2.580000 
2.580000 2.576120 2.548260 2.540790 2.565450 2.615420 2.668850 2.700190 2.667130 2.559690 2.555560 2.622120 2.659350 2.617670 2.599430 2.593190 2.589410 2.586100 2.583040 2.580140 2.580000 
2.580000 2.572250 2.530640 2.518850 2.558310 2.632540 2.694030 2.691850 2.567320 2.421700 2.580760 2.695890 2.659860 2.606580 2.599950 2.599050 2.594920 2.589690 2.584760 2.580290 2.580000 
2.580000 2.565630 2.515480 2.503310 2.572970 2.677230 2.679840 2.577040 2.540610 2.568880 2.626310 2.584430 2.600160 2.619810 2.626320 2.617380 2.604790 2.594400 2.586680 2.580530 2.580000 
2.580000 2.559140 2.523170 2.527590 2.637250 2.707100 2.571990 2.431920 2.607750 2.735800 2.580290 2.433950 2.553560 2.659120 2.664060 2.633420 2.610210 2.596000 2.587120 2.580660 2.580000 
2.580000 2.579860 2.581910 2.620080 2.662880 2.591200 2.535820 2.589000 2.650710 2.586100 2.559580 2.567440 2.619890 2.627060 2.620950 2.608160 2.597640 2.590100 2.584720 2.580490 2.580000 
2.580000 2.594260 2.612510 2.645990 2.584170 2.459000 2.603690 2.756810 2.575850 2.386610 2.596080 2.740580 2.639590 2.522070 2.539230 2.568060 2.579050 2.581340 2.581030 2.580230 2.580000 
2.580000 2.575830 2.574430 2.577230 2.593090 2.609240 2.640180 2.593780 2.555560 2.573810 2.641990 2.616460 2.586980 2.567510 2.570490 2.575190 2.576150 2.576740 2.578150 2.580200 2.580000 
2.580000 2.563700 2.553430 2.558330 2.673170 2.764470 2.564430 2.378720 2.593900 2.760800 2.590210 2.424710 2.567830 2.668670 2.632320 2.592700 2.575010 2.571420 2.574500 2.580150 2.580000 
2.580000 2.575850 2.589690 2.620530 2.671200 2.617040 2.557140 2.572680 2.640270 2.617480 2.575610 2.569020 2.612160 2.617830 2.582840 2.558130 2.552160 2.557400 2.567680 2.579730 2.580000 
2.580000 2.597120 2.633020 2.660810 2.572570 2.440660 2.618690 2.763140 2.583970 2.421660 2.588240 2.730700 2.631760 2.499190 2.475860 2.494300 2.516780 2.538560 2.559240 2.579100 2.580000 
2.580000 2.588140 2.620860 2.625390 2.566600 2.562070 2.658040 2.632430 2.569760 2.569590 2.627940 2.659440 2.583140 2.468620 2.440020 2.462930 2.495230 2.525840 2.553310 2.578720 2.580000 
2.580000 2.580680 2.610660 2.631310 2.667720 2.709810 2.599030 2.460860 2.582500 2.702730 2.634380 2.526420 2.487510 2.449600 2.441400 2.462040 2.492620 2.523480 2.552010 2.578680 2.580000 
2.580000 2.582710 2.614650 2.651150 2.698480 2.705090 2.582340 2.485280 2.581890 2.665440 2.608950 2.510990 2.472460 2.457950 2.460860 2.478970 2.504060 2.530220 2.555140 2.578870 2.580000 
2.580000 2.582550 2.609680 2.639060 2.665100 2.655900 2.586900 2.538790 2.578070 2.614960 2.585950 2.530250 2.499820 2.490110 2.493950 2.507030 2.524650 2.543360 2.561580 2.579170 2.580000 
2.580000 2.581360 2.596980 2.612630 2.623400 2.615940 2.585990 2.565860 2.578110 2.590810 2.578410 2.553630 2.537540 2.532150 2.534330 2.541250 2.550490 2.560350 2.570080 2.579540 2.580000 
2.580000 2.580000 2.581360 2.583170 2.585210 2.584780 2.579610 2.576240 2.579790 2.582900 2.581130 2.577740 2.576550 2.576700 2.577290 2.577990 2.578620 2.579120 2.579540 2.580000 2.580000 
2.580000 2.580000 2.580000 2.580000 2.580000 2.580000 2.580000 2.580000 2.580000 2.580000 2.580000 2.580000 2.580000 2.580000 2.580000 2.580000 2.580000 2.580000 2.580000 2.580000 2.580000 
2.620000 2.620000 2.620000 2.620000 2.620000 2.620000 2.620000 2.620000 2.620000 2.620000 2.620000 2.620000 2.620000 2.620000 2.620000 2.620000 2.620000 2.620000 2.620000 2.620000 2.620000 
2.620000 2.620000 2.618960 2.618510 2.619230 2.621490 2.625700 2.633000 2.645660 2.658660 2.631310 2.602830 2.623370 2.626790 2.622620 2.620900 2.620340 2.620160 2.620070 2.620000 2.620000 
2.620000 2.618960 2.607520 2.604550 2.615120 2.639490 2.674070 2.713340 2.746820 2.744650 2.665480 2.604370 2.636790 2.646750 2.637000 2.628610 2.624120 2.621980 2.620850 2.620070 2.620000 
2.620000 2.617360 2.592780 2.585560 2.605450 2.650190 2.707590 2.762180 2.794150 2.764360 2.651040 2.597860 2.670520 2.666690 2.644840 2.632270 2.626390 2.623460 2.621610 2.620100 2.620000 
2.620000 2.614540 2.573100 2.559960 2.591000 2.656960 2.727920 2.768460 2.726540 2.599550 2.595430 2.674070 2.712990 2.663330 2.639830 2.632050 2.628330 2.625430 2.622740 2.620140 2.620000 
2.620000 2.609550 2.549830 2.531490 2.581710 2.677130 2.754250 2.750450 2.608250 2.449720 2.628900 2.757790 2.715950 2.652270 2.640870 2.638860 2.634700 2.629570 2.624730 2.620330 2.620000 
2.620000 2.601430 2.531690 2.514430 2.600270 2.726100 2.731610 2.616770 2.582040 2.624070 2.688150 2.635480 2.646020 2.665610 2.671420 2.660740 2.646630 2.635290 2.627060 2.620630 2.620000 
2.620000 2.593880 2.543350 2.546880 2.673610 2.754070 2.608020 2.462930 2.668140 2.814870 2.640520 2.467770 2.590050 2.706170 2.713120 2.679110 2.652950 2.637160 2.627560 2.620800 2.620000 
2.620000 2.618820 2.614030 2.654260 2.702510 2.626280 2.573320 2.646960 2.721870 2.647430 2.612490 2.615020 2.666960 2.672000 2.663310 2.648560 2.637340 2.629730 2.624530 2.620570 2.620000 
2.620000 2.635990 2.651230 2.684980 2.618970 2.490150 2.658480 2.834810 2.635540 2.422400 2.650010 2.808200 2.694270 2.557070 2.569400 2.600730 2.614620 2.618890 2.619950 2.620240 2.620000 
2.620000 2.614400 2.610410 2.615350 2.640480 2.667020 2.702920 2.651410 2.607760 2.629190 2.702180 2.668660 2.629330 2.602350 2.603410 2.608860 2.611170 2.613310 2.616400 2.620220 2.620000 
2.620000 2.600860 2.589600 2.602570 2.739290 2.840120 2.615330 2.410090 2.651220 2.837960 2.643450 2.449810 2.600600 2.711780 2.673120 2.628950 2.609380 2.606500 2.611740 2.620170 2.620000 
2.620000 2.615930 2.632550 2.671150 2.729400 2.669680 2.603490 2.625490 2.703600 2.675340 2.619460 2.606150 2.651360 2.654350 2.612980 2.585060 2.579760 2.588170 2.602800 2.619630 2.620000 
2.620000 2.640660 2.680940 2.709490 2.608020 2.464540 2.669520 2.836090 2.636740 2.450090 2.628030 2.783990 2.670390 2.514220 2.482540 2.504250 2.533800 2.563360 2.591620 2.618810 2.620000 
2.620000 2.630100 2.668190 2.672670 2.604130 2.596950 2.708380 2.685010 2.611030 2.607190 2.671680 2.701390 2.605000 2.467810 2.432960 2.462260 2.505070 2.546350 2.583670 2.618300 2.620000 
2.620000 2.621310 2.658230 2.684560 2.725160 2.766960 2.640640 2.484490 2.618090 2.754590 2.678090 2.547620 2.490380 2.440900 2.431690 2.459770 2.501140 2.543060 2.581890 2.618240 2.620000 
2.620000 2.623610 2.663540 2.708750 2.763630 2.766500 2.620200 2.505320 2.615970 2.714220 2.646580 2.525130 2.471850 2.451910 2.456750 2.481920 2.516330 2.552080 2.586120 2.618490 2.620000 
2.620000 2.623330 2.657580 2.694350 2.725420 2.711630 2.625970 2.566610 2.613130 2.657330 2.620190 2.548760 2.508200 2.495500 2.501470 2.519870 2.544230 2.569920 2.594860 2.618890 2.620000 
2.620000 2.621780 2.641650 2.661430 2.674530 2.664210 2.626030 2.600480 2.615320 2.630670 2.614110 2.581610 2.560320 2.553460 2.556900 2.566710 2.579540 2.593130 2.606450 2.619400 2.620000 
2.620000 2.620000 2.621780 2.624120 2.626690 2.626030 2.619390 2.615100 2.619600 2.623570 2.621270 2.616830 2.615230 2.615440 2.616280 2.617250 2.618120 2.618810 2.619400 2.620000 2.620000 
2.620000 2.620000 2.620000 2.620000 2.620000 2.620000 2.620000 2.620000 2.620000 2.620000 2.620000 2.620000 2.620000 2.620000 2.620000 2.620000 2.620000 2.620000 2.620000 2.620000 2.620000 
2.660000 2.660000 2.660000 2.660000 2.660000 2.660000 2.660000 2.660000 2.660000 2.660000 2.660000 2.660000 2.660000 2.660000 2.660000 2.660000 2.660000 2.660000 2.660000 2.660000 2.660000 
2.660000 2.660000 2.658550 2.657800 2.658410 2.660850 2.665610 2.674140 2.689080 2.703720 2.670280 2.636110 2.661210 2.666660 2.662460 2.660730 2.660220 2.660090 2.660040 2.660000 2.660000 
2.660000 2.658550 2.641970 2.635480 2.645240 2.671770 2.711130 2.757150 2.797270 2.794320 2.698020 2.623570 2.664210 2.680390 2.672500 2.665170 2.661690 2.660480 2.660130 2.660040 2.660000 
2.660000 2.656400 2.621420 2.607210 2.625690 2.674730 2.740520 2.805320 2.845510 2.811550 2.674630 2.608300 2.696700 2.697440 2.676380 2.665480 2.661660 2.660590 2.660250 2.660030 2.660000 
2.660000 2.652700 2.594940 2.571190 2.601160 2.674950 2.758010 2.808770 2.766080 2.623270 2.616090 2.703280 2.748410 2.691220 2.666780 2.661940 2.661600 2.661460 2.660890 2.660040 2.660000 
2.660000 2.646240 2.564120 2.531990 2.583990 2.694330 2.788270 2.790690 2.633950 2.458330 2.666720 2.810440 2.754710 2.676440 2.664790 2.667130 2.667110 2.665150 2.662680 2.660220 2.660000 
2.660000 2.635840 2.539530 2.507050 2.601860 2.751670 2.766580 2.641140 2.607410 2.663910 2.741510 2.673110 2.674410 2.690300 2.698050 2.690730 2.679770 2.671090 2.665060 2.660550 2.660000 
2.660000 2.626240 2.551610 2.543190 2.688010 2.788840 2.629700 2.466850 2.708510 2.885700 2.685900 2.480030 2.612760 2.738570 2.746130 2.711670 2.686870 2.673160 2.665610 2.660740 2.660000 
2.660000 2.655780 2.637340 2.674030 2.728600 2.646320 2.594200 2.682680 2.773100 2.691110 2.649540 2.647610 2.701120 2.699530 2.689210 2.677140 2.669550 2.665090 2.662370 2.660490 2.660000 
2.660000 2.677460 2.686350 2.718980 2.639330 2.490120 2.691370 2.900360 2.672100 2.426700 2.686010 2.864160 2.727950 2.566400 2.582900 2.624330 2.645200 2.653750 2.657640 2.660140 2.660000 
2.660000 2.652730 2.640260 2.640980 2.668490 2.700310 2.746570 2.689050 2.638220 2.660700 2.739840 2.697100 2.652660 2.623960 2.628390 2.638320 2.644090 2.648920 2.654280 2.660170 2.660000 
2.660000 2.636410 2.614230 2.623830 2.783490 2.905860 2.650620 2.412860 2.687590 2.899440 2.669760 2.443950 2.620720 2.754280 2.713600 2.665200 2.644420 2.642440 2.649530 2.660180 2.660000 
2.660000 2.653830 2.663510 2.702050 2.769810 2.704880 2.633150 2.658610 2.744540 2.707420 2.640770 2.623040 2.676810 2.685700 2.643610 2.615140 2.611070 2.621920 2.639550 2.659580 2.660000 
2.660000 2.682920 2.720950 2.747450 2.626870 2.460580 2.701030 2.896570 2.664280 2.445250 2.648230 2.825530 2.695620 2.521520 2.491550 2.521290 2.557960 2.593370 2.626720 2.658630 2.660000 
2.660000 2.670490 2.706000 2.703520 2.619480 2.610200 2.739800 2.715740 2.634940 2.628020 2.695220 2.725430 2.618980 2.468960 2.435070 2.472970 2.524720 2.573650 2.617510 2.658050 2.660000 
2.660000 2.660380 2.695250 2.718940 2.762340 2.809380 2.660750 2.482470 2.644280 2.800840 2.701770 2.545790 2.486990 2.438710 2.434150 2.470250 2.520130 2.569750 2.615390 2.657990 2.660000 
2.660000 2.663520 2.703900 2.751570 2.812850 2.814950 2.643510 2.512470 2.645430 2.757800 2.671580 2.527040 2.470130 2.453630 2.464100 2.496230 2.537790 2.580190 2.620260 2.658270 2.660000 
2.660000 2.663540 2.699560 2.739320 2.773860 2.757140 2.657160 2.589590 2.645600 2.695640 2.648380 2.563400 2.518600 2.507600 2.517630 2.541010 2.570500 2.601040 2.630460 2.658730 2.660000 
2.660000 2.661940 2.683210 2.704780 2.719230 2.706930 2.662520 2.633470 2.651390 2.668520 2.647500 2.608830 2.584980 2.578670 2.584160 2.596590 2.612140 2.628330 2.644070 2.659320 2.660000 
2.660000 2.660000 2.661940 2.664570 2.667550 2.666750 2.658880 2.653920 2.659390 2.664000 2.661000 2.655630 2.653920 2.654400 2.655530 2.656750 2.657800 2.658630 2.659320 2.660000 2.660000 
2.660000 2.660000 2.660000 2.660000 2.660000 2.660000 2.660000 2.660000 2.660000 2.660000 2.660000 2.660000 2.660000 2.660000 2.660000 2.660000 2.660000 2.660000 2.660000 2.660000 2.660000 
2.700000 2.700000 2.700000 2.700000 2.700000 2.700000 2.700000 2.700000 2.700000 2.700000 2.700000 2.700000 2.700000 2.700000 2.700000 2.700000 2.700000 2.700000 2.700000 2.700000 2.700000 
2.700000 2.700000 2.698120 2.696950 2.697180 2.699260 2.703830 2.713000 2.731680 2.753200 2.708780 2.660320 2.696290 2.706220 2.701900 2.700320 2.699980 2.699960 2.699980 2.700000 2.700000 
2.700000 2.698120 2.676110 2.664840 2.671050 2.695670 2.735340 2.785340 2.834550 2.837550 2.720460 2.624910 2.680210 2.707320 2.703610 2.699090 2.697760 2.698160 2.699040 2.699980 2.700000 
2.700000 2.695390 2.649600 2.626000 2.637810 2.683600 2.750130 2.821770 2.878120 2.852680 2.680490 2.585520 2.705540 2.716720 2.700030 2.693930 2.694160 2.696180 2.698190 2.699910 2.700000 
2.700000 2.690730 2.616200 2.578150 2.599150 2.670590 2.757900 2.820200 2.788740 2.632700 2.616050 2.707340 2.765990 2.701550 2.682140 2.684990 2.690850 2.695220 2.697980 2.699870 2.700000 
2.700000 2.682380 2.577060 2.525430 2.569090 2.685710 2.798220 2.818930 2.646970 2.437150 2.691530 2.855900 2.775030 2.678290 2.673710 2.686350 2.694110 2.697630 2.699190 2.700000 2.700000 
2.700000 2.667840 2.543200 2.486490 2.582120 2.760350 2.793590 2.654820 2.613400 2.679560 2.780630 2.691680 2.684650 2.695300 2.708830 2.710020 2.706250 2.703110 2.701320 2.700320 2.700000 
2.700000 2.651420 2.551440 2.521010 2.689900 2.827070 2.643720 2.433100 2.722010 2.948080 2.704650 2.456540 2.622230 2.762580 2.767730 2.734010 2.714030 2.705320 2.701900 2.700520 2.700000 
2.700000 2.689980 2.656790 2.688730 2.755320 2.660880 2.598270 2.689310 2.796820 2.706990 2.661690 2.660690 2.724440 2.712910 2.702070 2.696880 2.696520 2.697590 2.698910 2.700280 2.700000 
2.700000 2.722620 2.723810 2.759510 2.652740 2.451480 2.699350 2.958680 2.675820 2.379800 2.701370 2.916270 2.740420 2.545880 2.581390 2.642160 2.673260 2.687390 2.694790 2.699970 2.700000 
2.700000 2.690520 2.666320 2.655790 2.675010 2.703440 2.767820 2.701570 2.639260 2.662180 2.754560 2.703030 2.659560 2.636480 2.650240 2.667430 2.677410 2.684990 2.692420 2.700100 2.700000 
2.700000 2.666240 2.625970 2.615610 2.800550 2.967190 2.665180 2.369860 2.698650 2.952800 2.666750 2.401180 2.637390 2.810260 2.761530 2.705560 2.682490 2.680540 2.688470 2.700190 2.700000 
2.700000 2.686570 2.681250 2.710970 2.793630 2.722250 2.642440 2.667800 2.760590 2.711910 2.641800 2.626360 2.697990 2.721780 2.681910 2.652830 2.648680 2.660040 2.678530 2.699600 2.700000 
2.700000 2.727310 2.755180 2.781140 2.634580 2.424150 2.715590 2.954540 2.663130 2.398320 2.656330 2.872170 2.716660 2.525940 2.508980 2.550460 2.592290 2.630180 2.665220 2.698620 2.700000 
2.700000 2.710320 2.735790 2.721120 2.615520 2.606870 2.759680 2.726310 2.643140 2.638290 2.706230 2.741620 2.635990 2.480790 2.453640 2.500270 2.557280 2.609360 2.655490 2.698020 2.700000 
2.700000 2.696840 2.721880 2.734430 2.782100 2.846700 2.663280 2.451730 2.668350 2.854390 2.711440 2.524070 2.485560 2.451700 2.455530 2.497970 2.552240 2.604980 2.653110 2.697950 2.700000 
2.700000 2.702210 2.735770 2.779650 2.847550 2.854860 2.656030 2.510230 2.677030 2.802770 2.688730 2.521660 2.474250 2.469690 2.487910 2.525230 2.570450 2.615660 2.658070 2.698230 2.700000 
2.700000 2.703120 2.735570 2.773830 2.810520 2.793820 2.683600 2.612040 2.679650 2.733100 2.673820 2.578470 2.535860 2.530670 2.545610 2.572610 2.604800 2.637470 2.668740 2.698700 2.700000 
2.700000 2.701820 2.721610 2.742560 2.757460 2.744660 2.697070 2.667090 2.688320 2.705920 2.680310 2.637540 2.613910 2.609850 2.617660 2.631970 2.648980 2.666340 2.683110 2.699290 2.700000 
2.700000 2.700000 2.701820 2.704490 2.707800 2.707060 2.698190 2.692820 2.699380 2.704350 2.700410 2.694240 2.692770 2.693700 2.695140 2.696540 2.697700 2.698580 2.699290 2.700000 2.700000 
2.700000 2.700000 2.700000 2.700000 2.700000 2.700000 2.700000 2.700000 2.700000 2.700000 2.700000 2.700000 2.700000 2.700000 2.700000 2.700000 2.700000 2.700000 2.700000 2.700000 2.700000 
2.800000 2.800000 2.800000 2.800000 2.800000 2.800000 2.800000 2.800000 2.800000 2.800000 2.800000 2.800000 2.800000 2.800000 2.800000 2.800000 2.800000 2.800000 2.800000 2.800000 2.800000 
2.800000 2.800000 2.797820 2.796270 2.795960 2.797270 2.800770 2.808810 2.827580 2.851360 2.805130 2.751150 2.790230 2.803830 2.800820 2.799800 2.799710 2.799820 2.799920 2.800000 2.800000 
2.800000 2.797820 2.771470 2.755530 2.756590 2.775850 2.810740 2.858450 2.910720 2.920030 2.800560 2.696040 2.755330 2.790740 2.793090 2.792510 2.793720 2.795820 2.797950 2.799920 2.800000 
2.800000 2.794740 2.740830 2.708390 2.710580 2.746570 2.804830 2.873640 2.939890 2.930920 2.752320 2.636330 2.765060 2.789090 2.781640 2.782010 2.786660 2.791790 2.796120 2.799780 2.800000 
2.800000 2.789640 2.703700 2.653070 2.660590 2.719390 2.798360 2.863520 2.856150 2.725810 2.695730 2.759010 2.822780 2.767520 2.757830 2.768600 2.780310 2.788970 2.795030 2.799690 2.800000 
2.800000 2.780600 2.661390 2.594110 2.622100 2.728360 2.843540 2.884770 2.739370 2.540090 2.774260 2.921260 2.836190 2.740930 2.744580 2.766030 2.780900 2.789810 2.795490 2.799770 2.800000 
2.800000 2.764740 2.625130 2.550740 2.632600 2.812980 2.866900 2.749820 2.703020 2.748200 2.847650 2.765090 2.756510 2.759180 2.776270 2.786570 2.791060 2.794210 2.797160 2.800040 2.800000 
2.800000 2.746070 2.633190 2.586410 2.751500 2.907640 2.744720 2.524990 2.777930 2.997350 2.768370 2.543560 2.711470 2.834190 2.835090 2.809680 2.798480 2.796370 2.797760 2.800230 2.800000 
2.800000 2.786900 2.745740 2.769470 2.839210 2.757520 2.694030 2.746430 2.837800 2.771480 2.738480 2.741570 2.801150 2.778220 2.769860 2.775090 2.783180 2.790050 2.795430 2.800030 2.800000 
2.800000 2.824970 2.822190 2.858190 2.746820 2.530590 2.759840 3.004860 2.736160 2.470600 2.776120 2.975750 2.794800 2.609690 2.658390 2.728310 2.764910 2.782610 2.792550 2.799810 2.800000 
2.800000 2.791430 2.760150 2.741360 2.743720 2.753120 2.820390 2.768070 2.714600 2.728950 2.809450 2.764080 2.737120 2.727540 2.745350 2.763890 2.774870 2.783370 2.791620 2.800060 2.800000 
2.800000 2.762030 2.706790 2.674070 2.840510 3.018270 2.747560 2.470700 2.766280 2.997960 2.726470 2.495580 2.742450 2.918500 2.867170 2.808920 2.784440 2.781580 2.788930 2.800250 2.800000 
2.800000 2.780060 2.757510 2.768060 2.848140 2.793370 2.728990 2.741910 2.810930 2.766430 2.721180 2.716730 2.789940 2.822770 2.789020 2.759940 2.753810 2.763130 2.779990 2.799730 2.800000 
2.800000 2.825210 2.838640 2.859290 2.722330 2.520080 2.787060 3.007090 2.724530 2.487560 2.746050 2.950610 2.798860 2.627720 2.620440 2.661330 2.699900 2.734700 2.767340 2.798810 2.800000 
2.800000 2.807140 2.819140 2.795780 2.694780 2.690960 2.824040 2.785800 2.729630 2.733500 2.783480 2.811770 2.725240 2.590170 2.568520 2.612600 2.665640 2.714290 2.757810 2.798220 2.800000 
2.800000 2.793270 2.804720 2.804260 2.847770 2.916410 2.732020 2.536060 2.769110 2.945920 2.778400 2.590920 2.575750 2.558050 2.566670 2.607880 2.659250 2.709240 2.755140 2.798140 2.800000 
2.800000 2.800290 2.822460 2.856070 2.919070 2.929600 2.739300 2.608900 2.780610 2.894650 2.765860 2.600000 2.566220 2.572000 2.594240 2.631580 2.675270 2.718700 2.759560 2.798370 2.800000 
2.800000 2.802170 2.827000 2.858760 2.892370 2.878220 2.775500 2.712670 2.781310 2.827910 2.761900 2.667280 2.630820 2.631030 2.648600 2.676040 2.707580 2.739310 2.769660 2.798780 2.800000 
2.800000 2.801430 2.817380 2.835170 2.848690 2.837330 2.793620 2.767460 2.788890 2.803510 2.775230 2.732710 2.711450 2.709710 2.718810 2.733440 2.750240 2.767210 2.783550 2.799330 2.800000 
2.800000 2.800000 2.801430 2.803730 2.806850 2.806290 2.797960 2.793220 2.799760 2.804160 2.799690 2.793570 2.792510 2.793740 2.795290 2.796690 2.797810 2.798650 2.799330 2.800000 2.800000 
2.800000 2.800000 2.800000 2.800000 2.800000 2.800000 2.800000 2.800000 2.800000 2.800000 2.800000 2.800000 2.800000 2.800000 2.800000 2.800000 2.800000 2.800000 2.800000 2.800000 2.800000 
2.900000 2.900000 2.900000 2.900000 2.900000 2.900000 2.900000 2.900000 2.900000 2.900000 2.900000 2.900000 2.900000 2.900000 2.900000 2.900000 2.900000 2.900000 2.900000 2.900000 2.900000 
2.900000 2.900000 2.897770 2.896020 2.895260 2.895750 2.897880 2.903540 2.917860 2.936140 2.902490 2.859970 2.888570 2.900850 2.899790 2.899420 2.899540 2.899730 2.899880 2.900000 2.900000 
2.900000 2.897770 2.869440 2.850380 2.846500 2.859060 2.886230 2.926440 2.973630 2.986630 2.891840 2.801040 2.845840 2.879240 2.885790 2.888220 2.891140 2.894310 2.897230 2.899880 2.900000 
2.900000 2.894750 2.837970 2.800280 2.793480 2.817340 2.862700 2.921550 2.986560 2.995380 2.855460 2.744060 2.840170 2.868830 2.870070 2.874980 2.882150 2.889010 2.894760 2.899710 2.900000 
2.900000 2.890070 2.802370 2.745930 2.741090 2.782910 2.846300 2.907160 2.929370 2.861210 2.824070 2.834900 2.882670 2.848960 2.846920 2.860450 2.874310 2.885050 2.893060 2.899580 2.900000 
2.900000 2.882430 2.765230 2.693970 2.706260 2.789700 2.889730 2.945910 2.869670 2.736360 2.878650 2.964880 2.901700 2.829580 2.834380 2.855990 2.872980 2.884600 2.892900 2.899610 2.900000 
2.900000 2.870280 2.738090 2.664140 2.723020 2.872300 2.940160 2.881710 2.844070 2.848010 2.911410 2.860920 2.855140 2.847290 2.858700 2.871290 2.880380 2.887710 2.894040 2.899820 2.900000 
2.900000 2.858360 2.753520 2.708730 2.836320 2.976210 2.883750 2.720050 2.861000 3.003230 2.855560 2.717180 2.838010 2.909480 2.903680 2.889220 2.886400 2.889620 2.894640 2.899970 2.900000 
2.900000 2.891010 2.853830 2.870810 2.930160 2.887300 2.841690 2.838530 2.886320 2.866350 2.855130 2.856610 2.889930 2.858880 2.851750 2.862830 2.875400 2.885440 2.893230 2.899850 2.900000 
2.900000 2.921820 2.922050 2.953850 2.872980 2.706960 2.851320 3.009580 2.842110 2.688450 2.884670 3.003690 2.864650 2.734540 2.774960 2.832450 2.864630 2.881530 2.891830 2.899760 2.900000 
2.900000 2.895880 2.867920 2.850860 2.839790 2.829410 2.884080 2.869690 2.848280 2.848070 2.889100 2.858770 2.851000 2.851170 2.860940 2.871240 2.878230 2.884900 2.892230 2.900080 2.900000 
2.900000 2.869570 2.812530 2.771770 2.877540 3.015170 2.864370 2.695530 2.873220 3.010020 2.835430 2.704690 2.886520 3.011910 2.966050 2.913620 2.889610 2.885270 2.890780 2.900320 2.900000 
2.900000 2.880790 2.848070 2.840990 2.898950 2.882260 2.858400 2.856660 2.883370 2.858800 2.853150 2.859420 2.908820 2.932530 2.903380 2.874340 2.864810 2.870160 2.883410 2.899920 2.900000 
2.900000 2.916350 2.918090 2.930620 2.844950 2.716000 2.882700 3.016750 2.832820 2.697350 2.881400 3.013150 2.899880 2.778930 2.768280 2.792230 2.818690 2.845440 2.872330 2.899150 2.900000 
2.900000 2.902720 2.904200 2.883290 2.819700 2.823630 2.898570 2.869100 2.860170 2.874160 2.892860 2.898590 2.837260 2.739670 2.718250 2.747140 2.787210 2.826670 2.863560 2.898620 2.900000 
2.900000 2.892590 2.892790 2.885860 2.917510 2.969590 2.834490 2.709880 2.896450 3.017550 2.868590 2.719190 2.710330 2.699190 2.705350 2.737010 2.778650 2.820810 2.860620 2.898500 2.900000 
2.900000 2.898840 2.909660 2.930620 2.976680 2.986150 2.848760 2.764390 2.899290 2.975110 2.857450 2.720890 2.694860 2.701900 2.721480 2.752990 2.790230 2.827940 2.864020 2.898640 2.900000 
2.900000 2.901070 2.916940 2.939280 2.964810 2.955200 2.879440 2.837120 2.892260 2.921980 2.858980 2.777530 2.747540 2.749340 2.765550 2.789770 2.817500 2.845610 2.872740 2.898960 2.900000 
2.900000 2.900910 2.911930 2.924980 2.935530 2.927340 2.894620 2.876390 2.893840 2.902340 2.874660 2.837060 2.819120 2.818450 2.827050 2.840230 2.855240 2.870420 2.885140 2.899420 2.900000 
2.900000 2.900000 2.900910 2.902540 2.904900 2.904590 2.898540 2.895400 2.900520 2.903430 2.899260 2.894190 2.893430 2.894590 2.895960 2.897160 2.898110 2.898830 2.899420 2.900000 2.900000 
2.900000 2.900000 2.900000 2.900000 2.900000 2.900000 2.900000 2.900000 2.900000 2.900000 2.900000 2.900000 2.900000 2.900000 2.900000 2.900000 2.900000 2.900000 2.900000 2.900000 2.900000 
3.000000 3.000000 3.000000 3.000000 3.000000 3.000000 3.000000 3.000000 3.000000 3.000000 3.000000 3.000000 3.000000 3.000000 3.000000 3.000000 3.000000 3.000000 3.000000 3.000000 3.000000 
3.000000 3.000000 2.997940 2.996210 2.995200 2.995090 2.996150 2.999810 3.010070 3.024060 3.003440 2.973350 2.991460 3.000110 2.999560 2.999390 2.999550 2.999730 2.999880 3.000000 3.000000 
3.000000 2.997940 2.970270 2.950270 2.942950 2.949570 2.969200 3.001400 3.042340 3.060200 2.996960 2.927190 2.954570 2.979070 2.985090 2.987850 2.990870 2.994070 2.997080 2.999880 3.000000 
3.000000 2.995290 2.941070 2.902590 2.889740 2.903010 2.936320 2.985470 3.047620 3.073960 2.981190 2.886490 2.944940 2.967450 2.970240 2.975240 2.981990 2.988640 2.994480 2.999710 3.000000 
3.000000 2.991560 2.910820 2.855640 2.842640 2.869220 2.918160 2.975550 3.022330 3.008310 2.974200 2.947800 2.973520 2.952850 2.951900 2.962580 2.974450 2.984490 2.992600 2.999580 3.000000 
3.000000 2.986090 2.883260 2.817630 2.818480 2.878670 2.961610 3.028940 3.013530 2.939380 3.007630 3.040570 2.995050 2.942820 2.943140 2.958350 2.972420 2.983400 2.992090 2.999580 3.000000 
3.000000 2.978440 2.868880 2.806240 2.844550 2.957920 3.031960 3.025620 3.004020 2.980920 3.010920 2.983800 2.978550 2.961070 2.961460 2.969180 2.977470 2.985440 2.992810 2.999730 3.000000 
3.000000 2.972880 2.891140 2.857700 2.948240 3.062870 3.030770 2.927570 2.986610 3.058850 2.977930 2.906790 2.981250 3.008600 2.993220 2.982050 2.982090 2.987090 2.993400 2.999850 3.000000 
3.000000 2.996860 2.972860 2.989570 3.038710 3.028130 3.002670 2.971130 2.990180 2.999960 3.000320 2.993970 3.002630 2.967640 2.956590 2.964570 2.975460 2.984960 2.992830 2.999790 3.000000 
3.000000 3.018900 3.026590 3.057760 3.010630 2.900330 2.979420 3.067330 2.990400 2.923080 3.025110 3.069930 2.969340 2.885990 2.911090 2.948670 2.971080 2.983950 2.992640 2.999810 3.000000 
3.000000 3.000360 2.983240 2.973890 2.959380 2.943310 2.992010 3.009620 3.016470 3.006770 3.014510 2.989290 2.986970 2.986700 2.984650 2.984240 2.985260 2.988630 2.993890 3.000150 3.000000 
3.000000 2.979150 2.932700 2.895660 2.952600 3.051570 3.004600 2.929170 3.019660 3.078260 2.984230 2.924960 3.038480 3.108110 3.064710 3.018750 2.995950 2.990120 2.993330 3.000400 3.000000 
3.000000 2.985090 2.953890 2.941710 2.983200 2.996410 3.007120 3.002020 3.005620 2.996390 3.013420 3.020580 3.041880 3.048040 3.018860 2.989730 2.977260 2.978520 2.987620 3.000120 3.000000 
3.000000 3.010300 3.007400 3.019190 2.982610 2.917950 3.005580 3.071020 2.978910 2.923390 3.037200 3.101160 3.019020 2.936840 2.920250 2.927170 2.940810 2.958500 2.978530 2.999510 3.000000 
3.000000 3.000670 2.997920 2.986420 2.960240 2.972600 3.005250 2.987310 3.012040 3.031230 3.025810 3.011100 2.965880 2.897420 2.874810 2.888010 2.913670 2.942290 2.970930 2.999070 3.000000 
3.000000 2.993550 2.988160 2.980740 3.004400 3.043640 2.962350 2.900740 3.034940 3.103470 2.983690 2.873470 2.863450 2.852850 2.853680 2.873770 2.903640 2.936010 2.967890 2.998910 3.000000 
3.000000 2.998190 3.000850 3.011920 3.042730 3.053350 2.972370 2.930700 3.023850 3.062590 2.965480 2.862790 2.841140 2.844920 2.858570 2.881780 2.910460 2.940580 2.970160 2.998970 3.000000 
3.000000 3.000230 3.008370 3.022020 3.039710 3.035970 2.990260 2.968250 3.006730 3.019640 2.964980 2.900770 2.876680 2.877650 2.890170 2.909240 2.931490 2.954500 2.977110 2.999180 3.000000 
3.000000 3.000440 3.006860 3.015250 3.022810 3.018510 2.998320 2.988280 3.000520 3.002920 2.978140 2.947580 2.933110 2.932560 2.939500 2.950190 2.962470 2.975070 2.987430 2.999530 3.000000 
3.000000 3.000000 3.000440 3.001420 3.003000 3.003000 2.999420 2.997840 3.001290 3.002750 2.999280 2.995510 2.994960 2.995840 2.996880 2.997790 2.998510 2.999060 2.999530 3.000000 3.000000 
3.000000 3.000000 3.000000 3.000000 3.000000 3.000000 3.000000 3.000000 3.000000 3.000000 3.000000 3.000000 3.000000 3.000000 3.000000 3.000000 3.000000 3.000000 3.000000 3.000000 3.000000 
3.100000 3.100000 3.100000 3.100000 3.100000 3.100000 3.100000 3.100000 3.100000 3.100000 3.100000 3.100000 3.100000 3.100000 3.100000 3.100000 3.100000 3.100000 3.100000 3.100000 3.100000 
3.100000 3.100000 3.098240 3.096690 3.095630 3.095180 3.095580 3.097930 3.105290 3.116240 3.104830 3.084610 3.095760 3.100870 3.099980 3.099650 3.099680 3.099790 3.099890 3.100000 3.100000 
3.100000 3.098240 3.073290 3.054310 3.045320 3.047620 3.061100 3.086260 3.121070 3.142310 3.105540 3.056590 3.071980 3.086890 3.089620 3.090710 3.092560 3.094960 3.097460 3.099890 3.100000 
3.100000 3.096110 3.048240 3.012550 2.996900 3.002430 3.026000 3.066360 3.123160 3.159590 3.105680 3.033730 3.066620 3.079690 3.079230 3.081160 3.085390 3.090340 3.095180 3.099760 3.100000 
3.100000 3.093380 3.024620 2.975360 2.958460 2.973420 3.010170 3.062150 3.119100 3.135850 3.112500 3.075230 3.086410 3.070990 3.066920 3.071880 3.079370 3.086790 3.093490 3.099650 3.100000 
3.100000 3.089840 3.006490 2.951030 2.945030 2.985800 3.051640 3.119800 3.138270 3.101760 3.132560 3.138430 3.106270 3.067570 3.062080 3.068920 3.077530 3.085620 3.092910 3.099650 3.100000 
3.100000 3.085620 3.002220 2.953450 2.976450 3.057940 3.126700 3.148970 3.142080 3.111060 3.122880 3.109350 3.105750 3.084730 3.076040 3.076600 3.080960 3.086940 3.093350 3.099750 3.100000 
3.100000 3.083930 3.026840 3.004760 3.066360 3.153860 3.154300 3.095030 3.116020 3.146600 3.104220 3.070030 3.115570 3.119400 3.097940 3.085570 3.084360 3.088290 3.093880 3.099840 3.100000 
3.100000 3.100940 3.090090 3.107020 3.145270 3.150510 3.139680 3.104440 3.112390 3.132010 3.134830 3.122510 3.119100 3.086990 3.072540 3.074330 3.080650 3.087460 3.093830 3.099830 3.100000 
3.100000 3.116030 3.130010 3.159640 3.134580 3.064400 3.108620 3.156440 3.132380 3.108640 3.155120 3.156650 3.084890 3.032470 3.045430 3.066510 3.079660 3.087960 3.094280 3.099910 3.100000 
3.100000 3.103130 3.097130 3.095240 3.082560 3.068390 3.112490 3.143660 3.164560 3.151030 3.140690 3.115460 3.112400 3.109820 3.101190 3.094620 3.091750 3.092510 3.095750 3.100210 3.100000 
3.100000 3.087070 3.055340 3.027760 3.057060 3.126400 3.134570 3.110320 3.156020 3.171370 3.122370 3.096340 3.162560 3.195240 3.156950 3.119550 3.100070 3.094090 3.095610 3.100440 3.100000 
3.100000 3.090130 3.067100 3.058130 3.089350 3.113800 3.139490 3.135250 3.132590 3.130110 3.151390 3.153570 3.156100 3.150100 3.123520 3.098320 3.086260 3.085440 3.091330 3.100240 3.100000 
3.100000 3.107260 3.105130 3.118840 3.111510 3.082780 3.125300 3.152340 3.116360 3.101220 3.167540 3.189430 3.128540 3.071510 3.054100 3.052830 3.058900 3.070060 3.084260 3.099800 3.100000 
3.100000 3.100230 3.097460 3.094440 3.090980 3.106790 3.118020 3.108110 3.145310 3.162760 3.145300 3.120750 3.085910 3.037540 3.017100 3.021530 3.037130 3.056950 3.078070 3.099440 3.100000 
3.100000 3.095030 3.088080 3.082320 3.100780 3.131370 3.088070 3.063400 3.156190 3.189690 3.097400 3.018040 3.007290 2.997230 2.995050 3.006990 3.027410 3.051040 3.075250 3.099280 3.100000 
3.100000 3.098110 3.096000 3.100720 3.120910 3.132740 3.091690 3.076460 3.137250 3.151340 3.075340 3.001330 2.983900 2.985020 2.993740 3.009900 3.030860 3.053650 3.076610 3.099280 3.100000 
3.100000 3.099740 3.102350 3.109550 3.121310 3.122200 3.098950 3.090590 3.115420 3.116980 3.072480 3.024520 3.006070 3.006220 3.015200 3.029330 3.046210 3.064030 3.081830 3.099390 3.100000 
3.100000 3.100110 3.102990 3.107700 3.112860 3.111640 3.101230 3.097050 3.104830 3.103140 3.082440 3.059040 3.047990 3.047450 3.052650 3.060790 3.070270 3.080140 3.089950 3.099640 3.100000 
3.100000 3.100000 3.100110 3.100610 3.101610 3.101850 3.100050 3.099470 3.101640 3.102130 3.099420 3.096780 3.096410 3.097030 3.097770 3.098400 3.098900 3.099290 3.099640 3.100000 3.100000 
3.100000 3.100000 3.100000 3.100000 3.100000 3.100000 3.100000 3.100000 3.100000 3.100000 3.100000 3.100000 3.100000 3.100000 3.100000 3.100000 3.100000 3.100000 3.100000 3.100000 3.100000 
3.200000 3.200000 3.200000 3.200000 3.200000 3.200000 3.200000 3.200000 3.200000 3.200000 3.200000 3.200000 3.200000 3.200000 3.200000 3.200000 3.200000 3.200000 3.200000 3.200000 3.200000 
3.200000 3.200000 3.198580 3.197290 3.196300 3.195720 3.195740 3.197180 3.202330 3.210610 3.204680 3.191770 3.199150 3.201840 3.200530 3.199990 3.199860 3.199870 3.199920 3.200000 3.200000 
3.200000 3.198580 3.177590 3.160980 3.151760 3.151170 3.159640 3.178200 3.206040 3.227020 3.208520 3.177700 3.187830 3.196160 3.195750 3.194820 3.195160 3.196430 3.198120 3.199920 3.200000 
3.200000 3.196950 3.157370 3.126610 3.110570 3.110720 3.125870 3.156530 3.203460 3.240360 3.213480 3.166150 3.187730 3.194420 3.190540 3.189040 3.190330 3.193110 3.196410 3.199830 3.200000 
3.200000 3.195060 3.139820 3.098490 3.080480 3.086530 3.111440 3.152890 3.204920 3.231510 3.221290 3.192880 3.201210 3.189950 3.183280 3.183140 3.186190 3.190490 3.195120 3.199750 3.200000 
3.200000 3.192870 3.128560 3.083720 3.073510 3.097840 3.144860 3.201800 3.229180 3.211920 3.231000 3.233020 3.215530 3.188970 3.180810 3.181340 3.184860 3.189550 3.194630 3.199760 3.200000 
3.200000 3.190660 3.129570 3.092030 3.102880 3.156210 3.209000 3.237130 3.237840 3.209770 3.216870 3.214800 3.218180 3.202010 3.190670 3.186540 3.187080 3.190360 3.194890 3.199830 3.200000 
3.200000 3.190610 3.151740 3.135750 3.173660 3.233200 3.241750 3.206800 3.214450 3.225540 3.204070 3.190700 3.225540 3.224850 3.204710 3.192190 3.189260 3.191280 3.195290 3.199900 3.200000 
3.200000 3.202310 3.198310 3.210790 3.234950 3.240980 3.235360 3.204910 3.209270 3.227540 3.230720 3.220290 3.218930 3.197660 3.185390 3.183930 3.186720 3.190890 3.195390 3.199910 3.200000 
3.200000 3.212560 3.227180 3.250070 3.232820 3.184250 3.208730 3.233390 3.230500 3.222700 3.243960 3.231510 3.185550 3.156700 3.165900 3.178580 3.186380 3.191600 3.195920 3.199990 3.200000 
3.200000 3.203850 3.203840 3.204260 3.191560 3.177150 3.210230 3.236920 3.257930 3.243990 3.229110 3.207530 3.207490 3.208660 3.202860 3.197500 3.194840 3.194990 3.197120 3.200230 3.200000 
3.200000 3.192350 3.172290 3.152620 3.165710 3.208830 3.229780 3.221230 3.244940 3.241820 3.214940 3.202990 3.245420 3.263970 3.237970 3.213150 3.200060 3.195970 3.197030 3.200400 3.200000 
3.200000 3.194050 3.178950 3.173360 3.194360 3.212960 3.233980 3.226570 3.222640 3.221120 3.238300 3.237500 3.235250 3.229220 3.212520 3.197070 3.189690 3.189530 3.193860 3.200270 3.200000 
3.200000 3.205420 3.204620 3.217170 3.219090 3.201780 3.217730 3.223680 3.212460 3.210800 3.249260 3.253120 3.211290 3.175000 3.164730 3.165080 3.170000 3.178250 3.188620 3.199950 3.200000 
3.200000 3.200090 3.197580 3.197580 3.201000 3.212590 3.211980 3.203640 3.237520 3.249070 3.229300 3.206250 3.182760 3.151890 3.139010 3.142690 3.154030 3.168450 3.183930 3.199690 3.200000 
3.200000 3.196260 3.188870 3.183510 3.195880 3.217390 3.193500 3.183740 3.245650 3.259290 3.190740 3.136220 3.129200 3.123270 3.122630 3.131520 3.146390 3.163730 3.181650 3.199550 3.200000 
3.200000 3.198260 3.193410 3.193790 3.205920 3.216100 3.196270 3.192390 3.230710 3.231940 3.175080 3.124120 3.112570 3.114060 3.120900 3.132900 3.148370 3.165290 3.182470 3.199530 3.200000 
3.200000 3.199490 3.198520 3.201190 3.208290 3.210880 3.200210 3.198280 3.213410 3.209390 3.175220 3.141290 3.128680 3.129330 3.136270 3.146860 3.159470 3.172830 3.186270 3.199580 3.200000 
3.200000 3.199910 3.200380 3.202420 3.205590 3.205870 3.201160 3.199980 3.204510 3.200990 3.184810 3.167930 3.160260 3.160180 3.164220 3.170360 3.177490 3.184930 3.192370 3.199740 3.200000 
3.200000 3.200000 3.199910 3.200110 3.200700 3.201000 3.200190 3.200080 3.201400 3.201400 3.199390 3.197620 3.197430 3.197910 3.198440 3.198880 3.199220 3.199490 3.199740 3.200000 3.200000 
3.200000 3.200000 3.200000 3.200000 3.200000 3.200000 3.200000 3.200000 3.200000 3.200000 3.200000 3.200000 3.200000 3.200000 3.200000 3.200000 3.200000 3.200000 3.200000 3.200000 3.200000 
3.300000 3.300000 3.300000 3.300000 3.300000 3.300000 3.300000 3.300000 3.300000 3.300000 3.300000 3.300000 3.300000 3.300000 3.300000 3.300000 3.300000 3.300000 3.300000 3.300000 3.300000 
3.300000 3.300000 3.298920 3.297920 3.297090 3.296500 3.296270 3.297000 3.300310 3.306100 3.303110 3.295420 3.300950 3.302340 3.300880 3.300230 3.300010 3.299950 3.299950 3.300000 3.300000 
3.300000 3.298920 3.282540 3.269120 3.260760 3.258460 3.262780 3.274900 3.294860 3.312240 3.304650 3.288090 3.297370 3.302560 3.300520 3.298350 3.297570 3.297900 3.298810 3.299950 3.300000 
3.300000 3.297740 3.267170 3.242510 3.227830 3.224410 3.232050 3.251930 3.285500 3.315670 3.305260 3.280120 3.299670 3.304320 3.299150 3.295670 3.294880 3.295850 3.297710 3.299890 3.300000 
3.300000 3.296440 3.254550 3.221790 3.204530 3.203750 3.216960 3.243920 3.281420 3.304690 3.305450 3.293930 3.307210 3.301620 3.295050 3.292260 3.292350 3.294170 3.296850 3.299850 3.300000 
3.300000 3.295060 3.247380 3.212170 3.199460 3.209980 3.237530 3.275720 3.296500 3.286430 3.305450 3.315710 3.314010 3.299920 3.293210 3.291050 3.291440 3.293490 3.296490 3.299860 3.300000 
3.300000 3.293820 3.249540 3.219820 3.220740 3.249850 3.281390 3.301090 3.302040 3.280130 3.289530 3.298800 3.312870 3.307050 3.298970 3.294060 3.292670 3.293910 3.296620 3.299910 3.300000 
3.300000 3.294040 3.266090 3.251240 3.269370 3.302590 3.304980 3.279490 3.282720 3.286340 3.277220 3.278100 3.313660 3.319510 3.306560 3.296810 3.293630 3.294340 3.296830 3.299960 3.300000 
3.300000 3.301720 3.298190 3.302190 3.310640 3.308900 3.300770 3.274420 3.276200 3.289180 3.293910 3.291950 3.301180 3.295150 3.290040 3.289520 3.291200 3.293830 3.296850 3.299970 3.300000 
3.300000 3.308720 3.318610 3.330600 3.311530 3.271250 3.281110 3.289540 3.289380 3.284840 3.298590 3.290380 3.268890 3.260320 3.272660 3.283820 3.290100 3.294040 3.297150 3.300030 3.300000 
3.300000 3.303110 3.303350 3.300910 3.284670 3.265750 3.282190 3.294020 3.306850 3.294280 3.283420 3.270840 3.279120 3.289740 3.293310 3.294210 3.294760 3.295960 3.297870 3.300200 3.300000 
3.300000 3.295300 3.281540 3.265460 3.266640 3.285530 3.295480 3.282640 3.293450 3.285010 3.270000 3.266450 3.301830 3.321830 3.312620 3.302270 3.297120 3.296150 3.297660 3.300320 3.300000 
3.300000 3.296390 3.285760 3.280340 3.289590 3.293250 3.298440 3.283380 3.277570 3.274760 3.287030 3.288020 3.291520 3.294700 3.292600 3.289790 3.289280 3.291400 3.295360 3.300220 3.300000 
3.300000 3.303810 3.302490 3.309990 3.308640 3.288720 3.286350 3.278850 3.273590 3.272820 3.296720 3.298260 3.275820 3.259220 3.260880 3.268270 3.275820 3.283590 3.291700 3.300010 3.300000 
3.300000 3.299740 3.296150 3.294250 3.294350 3.296600 3.287140 3.275500 3.298540 3.303550 3.287390 3.273270 3.263340 3.249270 3.247030 3.254600 3.265430 3.276960 3.288460 3.299830 3.300000 
3.300000 3.297040 3.289060 3.282260 3.287220 3.298470 3.280880 3.273230 3.312300 3.316000 3.267660 3.234050 3.234470 3.235510 3.239360 3.248590 3.260770 3.273840 3.286900 3.299740 3.300000 
3.300000 3.298430 3.292050 3.289130 3.294500 3.300360 3.288620 3.286790 3.309970 3.306210 3.266040 3.233680 3.229200 3.233400 3.240650 3.250740 3.262610 3.275070 3.287480 3.299710 3.300000 
3.300000 3.299400 3.296360 3.295930 3.299150 3.300930 3.295380 3.294980 3.303620 3.298110 3.273650 3.251470 3.244630 3.246810 3.252980 3.261310 3.270740 3.280480 3.290170 3.299730 3.300000 
3.300000 3.299820 3.298850 3.299090 3.300560 3.300940 3.298680 3.298400 3.300780 3.297090 3.285390 3.274160 3.269640 3.270360 3.273780 3.278490 3.283760 3.289170 3.294530 3.299820 3.300000 
3.300000 3.300000 3.299820 3.299820 3.300130 3.300360 3.299970 3.299980 3.300760 3.300590 3.299190 3.298090 3.298070 3.298480 3.298900 3.299220 3.299460 3.299660 3.299820 3.300000 3.300000 
3.300000 3.300000 3.300000 3.300000 3.300000 3.300000 3.300000 3.300000 3.300000 3.300000 3.300000 3.300000 3.300000 3.300000 3.300000 3.300000 3.300000 3.300000 3.300000 3.300000 3.300000 
3.400000 3.400000 3.400000 3.400000 3.400000 3.400000 3.400000 3.400000 3.400000 3.400000 3.400000 3.400000 3.400000 3.400000 3.400000 3.400000 3.400000 3.400000 3.400000 3.400000 3.400000 
3.400000 3.400000 3.399260 3.398570 3.397970 3.397460 3.397120 3.397320 3.399160 3.402770 3.401240 3.397060 3.401480 3.402230 3.400920 3.400310 3.400070 3.399990 3.399980 3.400000 3.400000 
3.400000 3.399260 3.387900 3.378300 3.371770 3.368910 3.370200 3.376640 3.388850 3.400920 3.398630 3.391600 3.401220 3.405120 3.402770 3.400380 3.399200 3.399000 3.399370 3.399980 3.400000 
3.400000 3.398470 3.377340 3.359710 3.348030 3.343080 3.344900 3.354710 3.374530 3.394850 3.392380 3.383020 3.403490 3.408070 3.403330 3.399580 3.397980 3.397940 3.398760 3.399940 3.400000 
3.400000 3.397630 3.368820 3.345320 3.330870 3.326070 3.329610 3.342170 3.362820 3.376980 3.383780 3.386910 3.405980 3.405500 3.400800 3.397700 3.396590 3.396980 3.398260 3.399920 3.400000 
3.400000 3.396740 3.364030 3.338340 3.325620 3.326410 3.337570 3.356860 3.365610 3.355880 3.376950 3.396160 3.406210 3.402080 3.398790 3.396680 3.395950 3.396540 3.398030 3.399930 3.400000 
3.400000 3.395910 3.365150 3.342180 3.336860 3.348120 3.360460 3.367780 3.365420 3.348780 3.361340 3.378140 3.400420 3.404120 3.401250 3.398010 3.396450 3.396680 3.398070 3.399970 3.400000 
3.400000 3.395840 3.375090 3.360310 3.364650 3.377910 3.370730 3.347580 3.349540 3.351030 3.348450 3.357590 3.395920 3.409620 3.404560 3.398790 3.396550 3.396730 3.398120 3.400000 3.400000 
3.400000 3.400490 3.395180 3.391300 3.387510 3.377800 3.365580 3.342170 3.341880 3.349440 3.355720 3.362410 3.381800 3.388320 3.390360 3.392280 3.394150 3.396060 3.398020 3.400000 3.400000 
3.400000 3.405220 3.409110 3.411200 3.388490 3.351640 3.351950 3.349800 3.345590 3.339970 3.353820 3.355290 3.352200 3.357810 3.374330 3.386190 3.392350 3.395750 3.398080 3.400040 3.400000 
3.400000 3.401840 3.400020 3.393740 3.374380 3.351400 3.353030 3.349790 3.353320 3.343150 3.339130 3.336130 3.352340 3.371380 3.383620 3.390490 3.394160 3.396490 3.398370 3.400140 3.400000 
3.400000 3.396870 3.386160 3.371530 3.365160 3.366420 3.360320 3.338150 3.341650 3.334070 3.326080 3.328010 3.362730 3.387980 3.392590 3.393570 3.394630 3.396170 3.398080 3.400210 3.400000 
3.400000 3.397620 3.389190 3.382630 3.382490 3.372280 3.362170 3.340400 3.333090 3.329260 3.338060 3.342570 3.354020 3.367020 3.377160 3.384260 3.389040 3.392900 3.396530 3.400140 3.400000 
3.400000 3.402360 3.399850 3.401940 3.394260 3.368780 3.355600 3.340860 3.334350 3.330800 3.348000 3.353440 3.346900 3.345500 3.357380 3.370890 3.380650 3.387990 3.394220 3.400010 3.400000 
3.400000 3.399370 3.394590 3.389540 3.383870 3.377770 3.363040 3.347750 3.359850 3.360000 3.349560 3.345990 3.348170 3.347100 3.353430 3.364420 3.374940 3.384100 3.392270 3.399910 3.400000 
3.400000 3.397630 3.389640 3.381410 3.380160 3.383090 3.366500 3.356630 3.380200 3.380040 3.347930 3.330860 3.338820 3.345920 3.353450 3.363000 3.373000 3.382500 3.391390 3.399870 3.400000 
3.400000 3.398690 3.392150 3.387450 3.387980 3.389470 3.379830 3.376600 3.390210 3.385950 3.359700 3.341700 3.343410 3.350060 3.357640 3.366120 3.374950 3.383580 3.391850 3.399850 3.400000 
3.400000 3.399440 3.395800 3.393770 3.394280 3.394470 3.390420 3.389540 3.394190 3.389550 3.373710 3.360890 3.358720 3.362150 3.367620 3.373980 3.380650 3.387240 3.393630 3.399850 3.400000 
3.400000 3.399800 3.398310 3.397620 3.397890 3.397830 3.396350 3.396040 3.397130 3.394260 3.386700 3.380070 3.378080 3.379390 3.382230 3.385680 3.389330 3.392940 3.396460 3.399900 3.400000 
3.400000 3.400000 3.399800 3.399730 3.399850 3.399950 3.399710 3.399710 3.400150 3.399980 3.399090 3.398470 3.398580 3.398930 3.399250 3.399490 3.399660 3.399790 3.399900 3.400000 3.400000 
3.400000 3.400000 3.400000 3.400000 3.400000 3.400000 3.400000 3.400000 3.400000 3.400000 3.400000 3.400000 3.400000 3.400000 3.400000 3.400000 3.400000 3.400000 3.400000 3.400000 3.400000 
3.500000 3.500000 3.500000 3.500000 3.500000 3.500000 3.500000 3.500000 3.500000 3.500000 3.500000 3.500000 3.500000 3.500000 3.500000 3.500000 3.500000 3.500000 3.500000 3.500000 3.500000 
3.500000 3.500000 3.499620 3.499270 3.498950 3.498640 3.498380 3.498320 3.499070 3.500890 3.500120 3.498160 3.501190 3.501540 3.500620 3.500220 3.500070 3.500010 3.499990 3.500000 3.500000 
3.500000 3.499620 3.493620 3.488440 3.484660 3.482550 3.482330 3.484620 3.490330 3.497180 3.496300 3.493420 3.502330 3.504830 3.502630 3.500850 3.499930 3.499660 3.499740 3.499990 3.500000 
3.500000 3.499220 3.488040 3.478440 3.471530 3.467550 3.466350 3.468580 3.477090 3.488820 3.486980 3.483260 3.505080 3.508030 3.503640 3.500840 3.499540 3.499230 3.499480 3.499980 3.500000 
3.500000 3.498790 3.483450 3.470470 3.461460 3.456400 3.454240 3.455790 3.463320 3.467770 3.474280 3.483330 3.504950 3.505000 3.501970 3.499880 3.498890 3.498800 3.499250 3.499970 3.500000 
3.500000 3.498300 3.480610 3.465870 3.456750 3.453260 3.454350 3.461560 3.460090 3.444310 3.467730 3.490110 3.501490 3.500480 3.500040 3.499130 3.498520 3.498570 3.499140 3.499980 3.500000 
3.500000 3.497780 3.480390 3.465760 3.459470 3.461690 3.462750 3.462410 3.457430 3.442060 3.456410 3.471820 3.494230 3.500410 3.500810 3.499570 3.498660 3.498590 3.499150 3.500000 3.500000 
3.500000 3.497430 3.484170 3.471840 3.471360 3.476430 3.463050 3.439390 3.445740 3.448360 3.444240 3.451050 3.489920 3.505540 3.503220 3.499800 3.498520 3.498520 3.499140 3.500010 3.500000 
3.500000 3.499740 3.494820 3.487880 3.480310 3.469510 3.457780 3.437990 3.439250 3.443180 3.447940 3.456800 3.479650 3.489200 3.492850 3.495270 3.496820 3.498000 3.499030 3.500010 3.500000 
3.500000 3.502510 3.503830 3.503250 3.480780 3.446830 3.449280 3.445530 3.436850 3.427110 3.445240 3.452540 3.454110 3.462720 3.480040 3.490530 3.495280 3.497610 3.498980 3.500030 3.500000 
3.500000 3.500800 3.498780 3.492790 3.475480 3.453830 3.451530 3.440100 3.439420 3.431750 3.433280 3.433550 3.450860 3.470560 3.484210 3.491900 3.495730 3.497770 3.499060 3.500070 3.500000 
3.500000 3.498130 3.490540 3.477910 3.471670 3.469370 3.454360 3.424710 3.430510 3.426810 3.420730 3.421380 3.455820 3.480710 3.488270 3.492770 3.495580 3.497450 3.498860 3.500100 3.500000 
3.500000 3.498550 3.492540 3.486830 3.485790 3.469900 3.454440 3.432130 3.427430 3.423850 3.430060 3.434480 3.448010 3.463330 3.477310 3.487030 3.492430 3.495700 3.498050 3.500070 3.500000 
3.500000 3.501210 3.499470 3.500930 3.491100 3.462240 3.450160 3.437120 3.429370 3.421610 3.438530 3.446950 3.446250 3.450040 3.465750 3.480060 3.488230 3.493270 3.496920 3.500000 3.500000 
3.500000 3.499360 3.495260 3.489310 3.481210 3.474300 3.461310 3.445050 3.451850 3.449460 3.443080 3.447550 3.456710 3.460220 3.468510 3.478420 3.485940 3.491530 3.496010 3.499960 3.500000 
3.500000 3.498460 3.492330 3.484410 3.480930 3.482270 3.466560 3.454500 3.472090 3.472150 3.449710 3.443390 3.456840 3.465450 3.472330 3.479340 3.485600 3.490970 3.495640 3.499950 3.500000 
3.500000 3.499180 3.494490 3.490330 3.489150 3.489080 3.480770 3.476610 3.485620 3.483070 3.467590 3.459500 3.464620 3.470940 3.476550 3.481950 3.487030 3.491670 3.495920 3.499940 3.500000 
3.500000 3.499640 3.497000 3.495120 3.494630 3.494170 3.491140 3.489990 3.492540 3.489940 3.481500 3.475610 3.476050 3.479090 3.482730 3.486480 3.490140 3.493590 3.496830 3.499940 3.500000 
3.500000 3.499870 3.498740 3.498020 3.497840 3.497580 3.496590 3.496240 3.496740 3.495170 3.491290 3.488210 3.487740 3.488900 3.490690 3.492650 3.494600 3.496470 3.498240 3.499950 3.500000 
3.500000 3.500000 3.499870 3.499800 3.499820 3.499850 3.499710 3.499680 3.499890 3.499800 3.499360 3.499090 3.499200 3.499420 3.499610 3.499740 3.499830 3.499900 3.499950 3.500000 3.500000 
3.500000 3.500000 3.500000 3.500000 3.500000 3.500000 3.500000 3.500000 3.500000 3.500000 3.500000 3.500000 3.500000 3.500000 3.500000 3.500000 3.500000 3.500000 3.500000 3.500000 3.500000 
3.600000 3.600000 3.600000 3.600000 3.600000 3.600000 3.600000 3.600000 3.600000 3.600000 3.600000 3.600000 3.600000 3.600000 3.600000 3.600000 3.600000 3.600000 3.600000 3.600000 3.600000 
3.600000 3.600000 3.600000 3.600000 3.600000 3.600000 3.600000 3.600000 3.600000 3.600010 3.600020 3.600000 3.599990 3.600000 3.600000 3.600000 3.600000 3.600000 3.600000 3.600000 3.600000 
3.600000 3.600000 3.599620 3.599270 3.598950 3.598640 3.598380 3.598290 3.598900 3.602350 3.601160 3.596310 3.603440 3.603140 3.600610 3.600220 3.600070 3.600010 3.599990 3.600000 3.600000 
3.600000 3.600000 3.599220 3.598490 3.597800 3.597070 3.595980 3.592550 3.591850 3.605880 3.594330 3.574800 3.615060 3.608700 3.601000 3.600300 3.600070 3.599990 3.599980 3.600000 3.600000 
3.600000 3.600000 3.598780 3.597640 3.596530 3.594890 3.589970 3.579740 3.583700 3.582350 3.578410 3.581440 3.614720 3.602430 3.600370 3.600150 3.600000 3.599960 3.599970 3.600000 3.600000 
3.600000 3.600000 3.598300 3.596610 3.594340 3.589580 3.585150 3.595830 3.589170 3.537200 3.586820 3.613770 3.604640 3.595590 3.599470 3.600010 3.599970 3.599960 3.599980 3.600000 3.600000 
3.600000 3.600000 3.597630 3.593630 3.588670 3.589710 3.590450 3.596440 3.588630 3.555830 3.585250 3.583970 3.600010 3.596450 3.599220 3.600190 3.600050 3.600000 3.600000 3.600000 3.600000 
3.600000 3.599960 3.595470 3.584500 3.590740 3.610270 3.587770 3.542050 3.579920 3.595000 3.565370 3.545370 3.607420 3.618740 3.605730 3.600750 3.600150 3.600020 3.600010 3.600000 3.600000 
3.600000 3.599980 3.599060 3.591150 3.591420 3.591560 3.585270 3.561450 3.577310 3.582970 3.577230 3.579040 3.607130 3.604820 3.599870 3.599890 3.599940 3.599980 3.600010 3.600000 3.600000 
3.600000 3.600030 3.604600 3.619370 3.595620 3.540710 3.580550 3.592490 3.571040 3.535770 3.586750 3.595810 3.570860 3.567520 3.592140 3.598910 3.599740 3.599970 3.600020 3.600000 3.600000 
3.600000 3.600020 3.601630 3.604030 3.593770 3.572210 3.589550 3.572440 3.577900 3.569440 3.576670 3.564710 3.577080 3.591000 3.597620 3.599590 3.599960 3.600080 3.600070 3.600000 3.600000 
3.600000 3.600010 3.597310 3.580220 3.583000 3.609710 3.589310 3.529100 3.571720 3.573950 3.556310 3.535660 3.592690 3.611430 3.600790 3.600080 3.600120 3.600140 3.600100 3.600000 3.600000 
3.600000 3.599980 3.596410 3.591550 3.610780 3.591360 3.583780 3.563910 3.570840 3.567830 3.572570 3.567990 3.574150 3.582790 3.594140 3.599030 3.599810 3.600040 3.600070 3.600000 3.600000 
3.600000 3.600040 3.602450 3.618300 3.611730 3.558640 3.571740 3.575640 3.563740 3.535480 3.579580 3.588610 3.571060 3.565070 3.585490 3.597830 3.599420 3.599880 3.600000 3.600000 3.600000 
3.600000 3.599970 3.598890 3.592790 3.583890 3.593970 3.592410 3.567410 3.584010 3.579860 3.567400 3.581820 3.597660 3.592450 3.594560 3.598380 3.599390 3.599800 3.599960 3.600000 3.600000 
3.600000 3.599980 3.597720 3.589070 3.586940 3.603750 3.582020 3.559340 3.596890 3.602810 3.568280 3.565710 3.592880 3.597610 3.598160 3.598950 3.599490 3.599800 3.599950 3.600000 3.600000 
3.600000 3.600000 3.599170 3.598090 3.598200 3.600840 3.594030 3.590310 3.600800 3.599770 3.591940 3.589570 3.595630 3.597980 3.598750 3.599240 3.599590 3.599820 3.599940 3.600000 3.600000 
3.600000 3.600000 3.599640 3.599390 3.599450 3.599650 3.598970 3.598760 3.599780 3.599570 3.598170 3.597500 3.598090 3.598750 3.599190 3.599490 3.599690 3.599840 3.599940 3.600000 3.600000 
3.600000 3.600000 3.599870 3.599800 3.599820 3.599850 3.599710 3.599680 3.599890 3.599800 3.599360 3.599090 3.599200 3.599420 3.599610 3.599740 3.599830 3.599900 3.599950 3.600000 3.600000 
3.600000 3.600000 3.600000 3.600000 3.600000 3.600000 3.600000 3.600000 3.600000 3.600000 3.600000 3.600000 3.600000 3.600000 3.600000 3.600000 3.600000 3.600000 3.600000 3.600000 3.600000 
3.600000 3.600000 3.600000 3.600000 3.600000 3.600000 3.600000 3.600000 3.600000 3.600000 3.600000 3.600000 3.600000 3.600000 3.600000 3.600000 3.600000 3.600000 3.600000 3.600000 3.600000 
3.700000 3.700000 3.700000 3.700000 3.700000 3.700000 3.700000 3.700000 3.700000 3.700000 3.700000 3.700000 3.700000 3.700000 3.700000 3.700000 3.700000 3.700000 3.700000 3.700000 3.700000 
3.700000 3.700000 3.700000 3.700000 3.700000 3.700000 3.700000 3.700000 3.700000 3.700000 3.700000 3.700000 3.700000 3.700000 3.700000 3.700000 3.700000 3.700000 3.700000 3.700000 3.700000 
3.700000 3.700000 3.700000 3.700000 3.700000 3.700000 3.700000 3.700000 3.700000 3.700000 3.700000 3.700000 3.700000 3.700000 3.700000 3.700000 3.700000 3.700000 3.700000 3.700000 3.700000 
3.700000 3.700000 3.700000 3.700000 3.700000 3.700000 3.700000 3.700000 3.700000 3.700000 3.700000 3.700000 3.700000 3.700000 3.700000 3.700000 3.700000 3.700000 3.700000 3.700000 3.700000 
3.700000 3.700000 3.700000 3.700000 3.700000 3.700000 3.700000 3.700000 3.700000 3.700000 3.700000 3.700000 3.700000 3.700000 3.700000 3.700000 3.700000 3.700000 3.700000 3.700000 3.700000 
3.700000 3.700000 3.700000 3.700000 3.700000 3.700000 3.700000 3.700000 3.700000 3.700000 3.700000 3.700000 3.700000 3.700000 3.700000 3.700000 3.700000 3.700000 3.700000 3.700000 3.700000 
3.700000 3.700000 3.700000 3.700000 3.700000 3.700000 3.700000 3.700000 3.700000 3.700000 3.700000 3.700000 3.700000 3.700000 3.700000 3.700000 3.700000 3.700000 3.700000 3.700000 3.700000 
3.700000 3.700000 3.700000 3.700000 3.700000 3.700000 3.700000 3.700000 3.700000 3.700000 3.700000 3.700000 3.700000 3.700000 3.700000 3.700000 3.700000 3.700000 3.700000 3.700000 3.700000 
3.700000 3.700000 3.700000 3.700000 3.700000 3.700000 3.700000 3.700000 3.700000 3.700000 3.700000 3.700000 3.700000 3.700000 3.700000 3.700000 3.700000 3.700000 3.700000 3.700000 3.700000 
3.700000 3.700000 3.700000 3.700000 3.700000 3.700000 3.700000 3.700000 3.700000 3.700000 3.700000 3.700000 3.700000 3.700000 3.700000 3.700000 3.700000 3.700000 3.700000 3.700000 3.700000 
3.700000 3.700000 3.700000 3.700000 3.700000 3.700000 3.700000 3.700000 3.700000 3.700000 3.700000 3.700000 3.700000 3.700000 3.700000 3.700000 3.700000 3.700000 3.700000 3.700000 3.700000 
3.700000 3.700000 3.700000 3.700000 3.700000 3.700000 3.700000 3.700000 3.700000 3.700000 3.700000 3.700000 3.700000 3.700000 3.700000 3.700000 3.700000 3.700000 3.700000 3.700000 3.700000 
3.700000 3.700000 3.700000 3.700000 3.700000 3.700000 3.700000 3.700000 3.700000 3.700000 3.700000 3.700000 3.700000 3.700000 3.700000 3.700000 3.700000 3.700000 3.700000 3.700000 3.700000 
3.700000 3.700000 3.700000 3.700000 3.700000 3.700000 3.700000 3.700000 3.700000 3.700000 3.700000 3.700000 3.700000 3.700000 3.700000 3.700000 3.700000 3.700000 3.700000 3.700000 3.700000 
3.700000 3.700000 3.700000 3.700000 3.700000 3.700000 3.700000 3.700000 3.700000 3.700000 3.700000 3.700000 3.700000 3.700000 3.700000 3.700000 3.700000 3.700000 3.700000 3.700000 3.700000 
3.700000 3.700000 3.700000 3.700000 3.700000 3.700000 3.700000 3.700000 3.700000 3.700000 3.700000 3.700000 3.700000 3.700000 3.700000 3.700000 3.700000 3.700000 3.700000 3.700000 3.700000 
3.700000 3.700000 3.700000 3.700000 3.700000 3.700000 3.700000 3.700000 3.700000 3.700000 3.700000 3.700000 3.700000 3.700000 3.700000 3.700000 3.700000 3.700000 3.700000 3.700000 3.700000 
3.700000 3.700000 3.700000 3.700000 3.700000 3.700000 3.700000 3.700000 3.700000 3.700000 3.700000 3.700000 3.700000 3.700000 3.700000 3.700000 3.700000 3.700000 3.700000 3.700000 3.700000 
3.700000 3.700000 3.700000 3.700000 3.700000 3.700000 3.700000 3.700000 3.700000 3.700000 3.700000 3.700000 3.700000 3.700000 3.700000 3.700000 3.700000 3.700000 3.700000 3.700000 3.700000 
3.700000 3.700000 3.700000 3.700000 3.700000 3.700000 3.700000 3.700000 3.700000 3.700000 3.700000 3.700000 3.700000 3.700000 3.700000 3.700000 3.700000 3.700000 3.700000 3.700000 3.700000 
3.700000 3.700000 3.700000 3.700000 3.700000 3.700000 3.700000 3.700000 3.700000 3.700000 3.700000 3.700000 3.700000 3.700000 3.700000 3.700000 3.700000 3.700000 3.700000 3.700000 3.700000 
