       1.0        0.0      152.666      145.604      210.968    145.166     35.637
       2.0        0.0      148.278       95.060      176.133     92.233     25.112
       3.0        0.0      150.173       92.540      176.396     70.704     20.434
       4.0        0.0      151.810       93.383      178.232     58.891     17.776
       5.0        0.0      153.126       94.590      179.985     51.701     16.089
       6.0        0.0      154.180       95.686      181.459     47.087     14.945
       8.0        0.0      155.807       97.510      183.805     41.669     13.475
      10.0        0.0      156.951       99.131      185.636     38.581     12.543
      15.0        0.0      158.845      103.147      189.397     34.335     11.081
      20.0        0.0      160.198      106.946      192.615     31.919     10.093
      25.0        0.0      161.364      110.149      195.375     30.352      9.397
      30.0        0.0      162.391      112.738      197.688     29.285      8.912
      40.0        0.0      164.157      116.855      201.501     27.876      8.273
      50.0        0.0      165.531      121.619      205.406     26.818      7.817
      60.0        0.0      166.629      129.361      210.949     25.830      7.421
      80.0        0.0      168.222      155.688      229.210     23.900      6.725
     100.0        0.0      169.361      189.771      254.354     22.144      6.166
     200.0        0.0      172.884      325.036      368.154     16.953      4.783
     400.0        0.0      177.002      440.222      474.474     13.715      4.018
     600.0        0.0      175.806      498.390      528.489     12.047      3.577
     800.0        0.0      172.820      549.320      575.864     10.377      3.141
    1000.0        0.0      170.020      601.707      625.266      8.814      2.745
    1200.0        0.0      168.008      651.832      673.136      7.495      2.414
    1500.0        0.0      166.481      715.996      735.096      5.972      2.031
    2000.0        0.0      165.930      792.423      809.609      4.314      1.610
    4000.0        0.0      158.480      917.367      930.956      1.853      0.892
