   762    3.7180    0.0539       024
  120.4000   23.9000  119.9000   26.2000    3.6909
  115.8000   27.4000  116.2000   23.8000    3.7526
  115.6000   25.0000  116.2000   23.8000    3.6544
  116.6000   27.5000  116.2000   23.8000    3.7201
  119.1000   27.6000  116.2000   23.8000    3.6871
  116.3000   26.3000  116.2000   23.8000    3.7533
  115.7000   27.9000  116.2000   23.8000    3.7197
  118.0000   28.4000  116.2000   23.8000    3.7025
  115.8000   25.6000  116.2000   23.8000    3.6987
  116.2000   28.2000  116.2000   23.8000    3.6957
  118.4000   24.5000  116.2000   23.8000    3.7202
  116.3000   26.3000  116.6000   24.7000    3.6929
  115.8000   27.4000  116.6000   24.7000    3.7013
  115.8000   25.6000  116.6000   24.7000    3.6888
  116.2000   28.2000  116.6000   24.7000    3.7225
  118.9000   27.4000  116.6000   24.7000    3.6940
  118.1000   26.0000  116.6000   24.7000    3.6643
  119.6000   28.0000  116.6000   24.7000    3.7336
  116.6000   23.7000  116.6000   24.7000    3.9047
  119.1000   27.6000  116.6000   24.7000    3.6928
  118.0000   28.4000  116.6000   24.7000    3.6964
  115.6000   25.0000  116.6000   24.7000    3.8505
  118.4000   24.5000  116.6000   24.7000    3.7012
  115.7000   27.9000  116.6000   24.7000    3.7099
  116.5000   25.0000  118.9000   26.4000    3.6371
  115.8000   27.4000  118.9000   26.4000    3.7468
  116.6000   23.7000  118.9000   26.4000    3.7327
  118.6000   24.9000  118.9000   26.4000    3.7310
  117.2000   26.9000  118.9000   26.4000    3.7248
  117.4000   26.0000  118.9000   26.4000    3.7733
  119.8000   25.5000  118.9000   26.4000    3.8505
  116.6000   27.5000  118.9000   26.4000    3.7185
  116.2000   28.2000  118.9000   26.4000    3.7134
  119.5000   27.4000  118.9000   26.4000    3.7835
  117.3000   24.4000  118.9000   26.4000    3.6897
  115.7000   27.9000  118.9000   26.4000    3.7347
  116.2000   23.8000  118.9000   26.4000    3.6853
  118.0000   28.4000  118.9000   26.4000    3.7010
  118.5000   27.9000  118.9000   26.4000    3.7036
  119.1000   27.6000  118.9000   26.4000    3.6831
  117.1000   25.7000  118.9000   26.4000    3.6902
  118.2000   25.3000  118.9000   26.4000    3.7855
  117.5000   27.3000  118.9000   26.4000    3.7039
  116.1000   24.3000  118.9000   26.4000    3.6797
  117.2000   26.4000  118.9000   26.4000    3.7521
  118.0000   27.7000  118.9000   26.4000    3.6773
  119.5000   25.2000  118.9000   26.4000    3.6449
  119.6000   28.0000  118.9000   26.4000    3.6169
  118.4000   24.5000  118.9000   26.4000    3.7637
  115.8000   25.6000  118.9000   26.4000    3.7018
  117.6000   24.5000  118.9000   26.4000    3.6984
  116.3000   26.3000  118.9000   26.4000    3.7586
  116.6000   24.7000  118.9000   26.4000    3.7080
  115.6000   25.0000  119.8000   25.5000    3.5899
  118.0000   27.7000  119.8000   25.5000    3.6185
  117.2000   26.9000  119.8000   25.5000    3.7899
  119.1000   27.6000  119.8000   25.5000    3.8314
  117.6000   24.5000  119.8000   25.5000    3.7939
  115.7000   27.9000  119.8000   25.5000    3.7553
  116.6000   27.5000  119.8000   25.5000    3.7144
  117.1000   25.7000  119.8000   25.5000    3.7585
  116.1000   24.3000  119.8000   25.5000    3.8053
  118.0000   28.4000  119.8000   25.5000    3.7169
  118.2000   25.3000  119.8000   25.5000    3.8312
  116.6000   23.7000  119.8000   25.5000    3.6950
  118.9000   27.4000  119.8000   25.5000    3.6768
  118.6000   24.9000  119.8000   25.5000    3.7581
  119.6000   28.0000  119.8000   25.5000    3.7510
  116.2000   28.2000  119.8000   25.5000    3.6659
  117.5000   27.3000  119.8000   25.5000    3.6910
  116.1000   24.3000  118.2000   25.3000    3.6669
  116.6000   27.5000  118.2000   25.3000    3.6554
  116.6000   23.7000  118.2000   25.3000    3.7001
  116.6000   24.7000  118.2000   25.3000    3.6760
  118.0000   28.4000  118.2000   25.3000    3.7372
  119.1000   27.6000  118.2000   25.3000    3.7059
  115.8000   25.6000  118.2000   25.3000    3.6670
  115.7000   27.9000  118.2000   25.3000    3.6873
  116.2000   28.2000  118.2000   25.3000    3.6953
  117.6000   24.5000  118.2000   25.3000    3.7981
  118.9000   27.4000  118.2000   25.3000    3.7313
  116.2000   23.8000  118.2000   25.3000    3.7120
  116.3000   26.3000  118.2000   25.3000    3.7084
  115.8000   27.4000  118.2000   25.3000    3.6962
  119.6000   28.0000  115.6000   25.0000    3.6024
  118.4000   24.5000  115.6000   25.0000    3.7086
  119.1000   27.6000  115.6000   25.0000    3.7269
  120.4000   23.9000  118.4000   24.5000    3.7634
  119.1000   27.6000  118.4000   24.5000    3.7608
  119.9000   26.2000  118.4000   24.5000    3.7378
  118.2000   25.3000  117.3000   24.4000    3.6410
  116.1000   24.3000  117.3000   24.4000    3.8469
  119.1000   27.6000  117.3000   24.4000    3.6969
  119.0000   25.4000  117.3000   24.4000    3.7432
  118.0000   28.4000  117.3000   24.4000    3.7154
  115.7000   27.9000  117.3000   24.4000    3.6705
  118.0000   27.7000  117.3000   24.4000    3.7119
  116.2000   23.8000  117.3000   24.4000    3.7252
  117.5000   27.3000  117.3000   24.4000    3.6894
  117.4000   26.0000  117.3000   24.4000    3.7556
  116.3000   26.3000  117.3000   24.4000    3.6336
  118.6000   24.9000  117.3000   24.4000    3.8992
  116.6000   27.5000  117.3000   24.4000    3.6936
  116.6000   23.7000  117.3000   24.4000    3.8894
  116.2000   28.2000  117.3000   24.4000    3.6935
  116.5000   25.0000  117.3000   24.4000    3.8843
  117.2000   26.9000  117.3000   24.4000    3.7225
  118.9000   27.4000  117.3000   24.4000    3.6988
  115.8000   27.4000  117.3000   24.4000    3.7217
  119.8000   25.5000  117.3000   24.4000    3.8801
  119.5000   27.4000  117.3000   24.4000    3.6921
  118.1000   26.0000  117.3000   24.4000    3.6980
  115.6000   25.0000  117.3000   24.4000    3.6223
  117.1000   25.7000  117.3000   24.4000    3.7232
  115.8000   25.6000  117.3000   24.4000    3.6757
  119.5000   25.2000  117.3000   24.4000    3.7952
  115.6000   25.0000  116.6000   27.5000    3.8018
  116.3000   26.3000  116.6000   27.5000    3.7797
  119.1000   27.6000  116.6000   27.5000    3.6861
  118.0000   28.4000  116.6000   27.5000    3.7004
  118.4000   24.5000  116.6000   27.5000    3.6957
  118.0000   28.4000  118.1000   26.0000    3.7176
  118.9000   27.4000  118.1000   26.0000    3.7258
  116.6000   23.7000  118.1000   26.0000    3.6867
  115.8000   27.4000  118.1000   26.0000    3.6739
  115.7000   27.9000  118.1000   26.0000    3.7138
  116.3000   26.3000  118.1000   26.0000    3.6610
  116.2000   23.8000  118.1000   26.0000    3.6963
  116.1000   24.3000  118.1000   26.0000    3.6925
  116.2000   28.2000  118.1000   26.0000    3.6835
  117.6000   24.5000  118.1000   26.0000    3.6066
  115.8000   25.6000  118.1000   26.0000    3.7104
  116.6000   27.5000  118.1000   26.0000    3.6761
  118.4000   24.5000  118.1000   26.0000    3.7310
  119.6000   28.0000  118.1000   26.0000    3.6616
  115.6000   25.0000  118.1000   26.0000    3.7300
  119.1000   27.6000  118.1000   26.0000    3.7044
  116.1000   24.3000  119.5000   25.2000    3.7407
  117.5000   27.3000  119.5000   25.2000    3.7376
  118.9000   27.4000  119.5000   25.2000    3.7367
  118.4000   24.5000  119.5000   25.2000    3.7330
  118.1000   26.0000  119.5000   25.2000    3.7366
  117.4000   26.0000  119.5000   25.2000    3.6827
  119.5000   27.4000  119.5000   25.2000    3.7527
  116.6000   24.7000  119.5000   25.2000    3.7472
  116.6000   27.5000  119.5000   25.2000    3.7291
  115.6000   25.0000  119.5000   25.2000    3.6690
  119.1000   27.6000  119.5000   25.2000    3.6828
  116.2000   28.2000  119.5000   25.2000    3.7308
  118.0000   27.7000  119.5000   25.2000    3.7354
  117.2000   26.9000  119.5000   25.2000    3.7326
  115.8000   27.4000  119.5000   25.2000    3.7587
  118.0000   28.4000  119.5000   25.2000    3.6977
  117.6000   24.5000  119.5000   25.2000    3.7145
  116.3000   26.3000  119.5000   25.2000    3.7096
  116.6000   23.7000  119.5000   25.2000    3.7622
  115.8000   25.6000  119.5000   25.2000    3.7120
  117.1000   25.7000  119.5000   25.2000    3.6882
  115.7000   27.9000  119.5000   25.2000    3.7357
  117.4000   26.0000  119.4000   26.0000    3.7386
  116.3000   26.3000  119.4000   26.0000    3.7276
  116.6000   27.5000  119.4000   26.0000    3.7296
  117.5000   27.3000  119.4000   26.0000    3.7127
  117.3000   24.4000  119.4000   26.0000    3.7342
  115.7000   27.9000  119.4000   26.0000    3.7286
  117.2000   26.9000  119.4000   26.0000    3.7203
  115.8000   25.6000  119.4000   26.0000    3.7107
  116.1000   24.3000  119.4000   26.0000    3.7000
  119.1000   27.6000  119.4000   26.0000    3.7458
  118.0000   28.4000  119.4000   26.0000    3.7081
  116.6000   23.7000  119.4000   26.0000    3.7357
  117.2000   26.4000  119.4000   26.0000    3.7285
  116.2000   28.2000  119.4000   26.0000    3.6987
  118.6000   24.9000  119.4000   26.0000    3.7483
  116.6000   24.7000  119.4000   26.0000    3.6597
  118.2000   25.3000  119.4000   26.0000    3.7717
  117.5000   25.0000  119.4000   26.0000    3.6871
  119.0000   25.0000  119.4000   26.0000    3.8585
  118.0000   27.7000  119.4000   26.0000    3.6894
  118.2000   26.6000  119.4000   26.0000    3.7635
  119.5000   27.4000  119.4000   26.0000    3.7176
  118.5000   27.9000  119.4000   26.0000    3.7273
  118.9000   27.4000  119.4000   26.0000    3.6815
  116.2000   23.8000  119.4000   26.0000    3.7228
  118.4000   24.5000  119.4000   26.0000    3.7407
  117.1000   25.7000  119.4000   26.0000    3.7508
  115.7000   27.9000  119.6000   26.7000    3.7277
  118.0000   28.4000  119.6000   26.7000    3.6431
  116.2000   23.8000  119.6000   26.7000    3.7020
  117.1000   25.7000  119.6000   26.7000    3.7004
  118.0000   27.7000  119.6000   26.7000    3.6315
  119.5000   25.2000  119.6000   26.7000    3.7665
  117.6000   24.5000  119.6000   26.7000    3.7871
  118.5000   27.9000  119.6000   26.7000    3.6209
  117.2000   26.9000  119.6000   26.7000    3.7735
  117.3000   24.4000  119.6000   26.7000    3.7359
  116.6000   23.7000  119.6000   26.7000    3.7261
  116.6000   27.5000  119.6000   26.7000    3.7209
  116.2000   28.2000  119.6000   26.7000    3.7413
  116.3000   26.3000  119.6000   26.7000    3.7150
  116.1000   24.3000  119.6000   26.7000    3.6930
  115.8000   25.6000  119.6000   26.7000    3.6684
  118.1000   26.0000  119.6000   26.7000    3.6565
  118.4000   24.5000  119.6000   26.7000    3.7375
  118.6000   24.9000  119.6000   26.7000    3.7131
  117.4000   26.0000  119.6000   26.7000    3.6837
  115.8000   27.4000  119.6000   26.7000    3.7371
  119.1000   27.6000  119.6000   26.7000    3.6614
  119.0000   25.4000  119.6000   26.7000    3.7283
  119.8000   25.5000  119.6000   26.7000    3.7831
  118.2000   26.6000  119.6000   26.7000    3.8256
  118.2000   25.3000  119.6000   26.7000    3.7097
  118.9000   27.4000  119.6000   26.7000    3.7402
  116.6000   24.7000  119.6000   26.7000    3.6723
  115.6000   25.0000  119.6000   26.7000    3.7271
  117.5000   27.3000  119.6000   26.7000    3.7388
  116.5000   25.0000  119.6000   26.7000    3.6527
  118.0000   27.7000  119.0000   25.0000    3.7340
  116.2000   23.8000  119.0000   25.0000    3.7306
  117.5000   27.3000  119.0000   25.0000    3.7150
  118.5000   27.9000  119.0000   25.0000    3.7391
  116.6000   24.7000  119.0000   25.0000    3.7556
  115.6000   25.0000  119.0000   25.0000    3.7506
  115.7000   27.9000  119.0000   25.0000    3.7261
  117.3000   24.4000  119.0000   25.0000    3.7171
  117.4000   26.0000  119.0000   25.0000    3.7365
  118.9000   27.4000  119.0000   25.0000    3.6931
  119.5000   27.4000  119.0000   25.0000    3.7617
  118.2000   26.6000  119.0000   25.0000    3.6929
  115.8000   27.4000  119.0000   25.0000    3.7203
  118.9000   26.4000  119.0000   25.0000    3.8627
  118.1000   26.0000  119.0000   25.0000    3.7308
  116.6000   23.7000  119.0000   25.0000    3.7651
  115.8000   25.6000  119.0000   25.0000    3.7021
  116.2000   28.2000  119.0000   25.0000    3.7089
  116.6000   27.5000  119.0000   25.0000    3.7021
  119.9000   26.4000  119.0000   25.0000    3.7346
  117.1000   25.7000  119.0000   25.0000    3.6962
  117.2000   26.4000  119.0000   25.0000    3.7195
  119.6000   26.7000  119.0000   25.0000    3.7355
  116.1000   24.3000  119.0000   25.0000    3.7125
  116.3000   26.3000  119.0000   25.0000    3.7305
  119.1000   27.6000  119.0000   25.0000    3.7461
  118.0000   28.4000  119.0000   25.0000    3.7163
  117.2000   26.9000  119.0000   25.0000    3.7157
  118.1000   26.0000  116.5000   25.0000    3.7137
  116.2000   23.8000  116.5000   25.0000    3.7445
  116.3000   26.3000  116.5000   25.0000    3.8183
  115.8000   27.4000  116.5000   25.0000    3.7487
  118.4000   24.5000  116.5000   25.0000    3.8852
  117.4000   26.0000  116.5000   25.0000    3.6147
  115.7000   27.9000  116.5000   25.0000    3.6539
  115.8000   25.6000  116.5000   25.0000    3.8374
  118.9000   27.4000  116.5000   25.0000    3.6374
  118.0000   28.4000  118.9000   27.4000    3.5680
  115.8000   25.6000  118.9000   27.4000    3.6766
  119.6000   28.0000  118.9000   27.4000    3.8681
  115.8000   27.4000  118.9000   27.4000    3.6615
  116.3000   26.3000  118.9000   27.4000    3.7145
  116.1000   24.3000  118.9000   27.4000    3.6777
  116.6000   23.7000  118.9000   27.4000    3.6875
  117.6000   24.5000  118.9000   27.4000    3.6581
  118.4000   24.5000  118.9000   27.4000    3.7536
  116.2000   23.8000  118.9000   27.4000    3.6986
  116.6000   27.5000  118.9000   27.4000    3.7482
  116.6000   27.5000  117.6000   24.5000    3.7378
  115.8000   25.6000  117.6000   24.5000    3.6777
  115.8000   27.4000  117.6000   24.5000    3.7089
  115.7000   27.9000  117.6000   24.5000    3.6109
  116.3000   26.3000  117.6000   24.5000    3.6092
  118.2000   25.3000  117.4000   26.0000    3.7929
  116.1000   24.3000  117.4000   26.0000    3.6824
  116.2000   28.2000  117.4000   26.0000    3.6718
  116.6000   27.5000  117.4000   26.0000    3.6105
  116.2000   23.8000  117.4000   26.0000    3.6741
  116.6000   23.7000  117.4000   26.0000    3.6857
  116.6000   24.7000  117.4000   26.0000    3.6696
  115.8000   25.6000  117.4000   26.0000    3.6897
  119.6000   28.0000  117.4000   26.0000    3.7837
  118.4000   24.5000  117.4000   26.0000    3.6503
  118.9000   27.4000  117.4000   26.0000    3.6531
  115.6000   25.0000  117.4000   26.0000    3.6411
  116.3000   26.3000  117.4000   26.0000    3.8204
  119.1000   27.6000  117.4000   26.0000    3.6670
  115.7000   27.9000  117.4000   26.0000    3.6677
  118.0000   28.4000  117.4000   26.0000    3.7178
  115.8000   27.4000  117.4000   26.0000    3.6334
  119.5000   27.4000  118.7000   26.4000    3.8387
  118.2000   25.3000  118.7000   26.4000    3.7114
  118.4000   24.5000  118.7000   26.4000    3.6988
  115.7000   27.9000  118.7000   26.4000    3.7653
  118.5000   27.9000  118.7000   26.4000    3.7061
  117.5000   27.3000  118.7000   26.4000    3.8978
  119.0000   25.0000  118.7000   26.4000    3.7030
  117.5000   25.0000  118.7000   26.4000    3.7024
  115.8000   27.4000  118.7000   26.4000    3.7272
  119.1000   27.6000  118.7000   26.4000    3.8214
  118.6000   24.9000  118.7000   26.4000    3.8584
  116.6000   24.7000  118.7000   26.4000    3.6365
  118.0000   27.7000  118.7000   26.4000    3.8176
  116.5000   25.0000  118.7000   26.4000    3.7956
  116.2000   28.2000  118.7000   26.4000    3.7288
  118.0000   28.4000  118.7000   26.4000    3.6778
  117.1000   25.7000  118.7000   26.4000    3.6029
  117.3000   24.4000  118.7000   26.4000    3.7698
  116.3000   26.3000  117.1000   25.7000    3.7778
  115.7000   27.9000  117.1000   25.7000    3.6630
  118.1000   26.0000  117.1000   25.7000    3.8858
  118.4000   24.5000  117.1000   25.7000    3.6904
  116.6000   27.5000  117.1000   25.7000    3.6580
  118.9000   27.4000  117.1000   25.7000    3.6745
  119.1000   27.6000  117.1000   25.7000    3.7062
  116.1000   24.3000  117.1000   25.7000    3.6450
  116.2000   23.8000  117.1000   25.7000    3.6539
  116.2000   28.2000  117.1000   25.7000    3.6809
  118.0000   28.4000  117.1000   25.7000    3.7272
  116.6000   24.7000  117.1000   25.7000    3.7612
  115.8000   27.4000  117.1000   25.7000    3.6279
  119.6000   28.0000  117.1000   25.7000    3.7130
  115.8000   25.6000  117.1000   25.7000    3.7709
  117.6000   24.5000  117.1000   25.7000    3.6314
  116.6000   23.7000  117.1000   25.7000    3.7322
  118.2000   25.3000  117.1000   25.7000    3.8386
  115.6000   25.0000  118.0000   28.4000    3.7102
  118.4000   24.5000  118.0000   28.4000    3.7184
  119.1000   27.6000  118.0000   28.4000    3.6322
  118.1000   26.0000  118.0000   27.7000    3.7520
  118.9000   27.4000  118.0000   27.7000    3.8294
  118.2000   25.3000  118.0000   27.7000    3.7226
  116.6000   23.7000  118.0000   27.7000    3.7031
  115.8000   27.4000  118.0000   27.7000    3.7371
  116.1000   24.3000  118.0000   27.7000    3.6900
  115.8000   25.6000  118.0000   27.7000    3.6935
  116.2000   23.8000  118.0000   27.7000    3.7092
  116.2000   28.2000  118.0000   27.7000    3.7730
  116.6000   24.7000  118.0000   27.7000    3.7015
  115.7000   27.9000  118.0000   27.7000    3.7821
  116.3000   26.3000  118.0000   27.7000    3.6724
  118.4000   24.5000  118.0000   27.7000    3.7851
  117.4000   26.0000  118.0000   27.7000    3.6965
  116.6000   27.5000  118.0000   27.7000    3.7406
  117.1000   25.7000  118.0000   27.7000    3.6772
  116.6000   27.5000  117.2000   26.4000    3.6022
  118.4000   24.5000  117.2000   26.4000    3.6670
  118.9000   27.4000  117.2000   26.4000    3.6746
  119.0000   25.4000  117.2000   26.4000    3.7307
  119.6000   26.7000  117.2000   26.4000    3.7235
  118.6000   24.9000  117.2000   26.4000    3.6814
  118.5000   27.9000  117.2000   26.4000    3.6755
  119.1000   27.6000  117.2000   26.4000    3.6871
  116.1000   24.3000  117.2000   26.4000    3.6673
  117.6000   24.5000  117.2000   26.4000    3.8844
  117.5000   27.3000  117.2000   26.4000    3.8991
  116.6000   23.7000  117.2000   26.4000    3.7030
  116.2000   28.2000  117.2000   26.4000    3.6836
  119.5000   25.2000  117.2000   26.4000    3.7275
  118.0000   27.7000  117.2000   26.4000    3.6984
  116.6000   24.7000  117.2000   26.4000    3.6954
  115.7000   27.9000  117.2000   26.4000    3.6489
  119.5000   27.4000  117.2000   26.4000    3.6915
  118.2000   25.3000  117.2000   26.4000    3.6684
  118.1000   26.0000  117.2000   26.4000    3.8887
  116.2000   23.8000  117.2000   26.4000    3.7094
  117.3000   24.4000  117.2000   26.4000    3.7090
  118.0000   28.4000  117.2000   26.4000    3.7013
  115.6000   25.0000  117.2000   26.4000    3.6674
  115.8000   25.6000  117.2000   26.4000    3.6780
  116.5000   25.0000  117.2000   26.4000    3.7943
  116.3000   26.3000  119.3000   25.7000    3.6681
  119.5000   27.4000  119.3000   25.7000    3.6895
  117.1000   25.7000  119.3000   25.7000    3.7119
  118.4000   24.5000  119.3000   25.7000    3.7183
  115.7000   27.9000  119.3000   25.7000    3.7128
  116.6000   27.5000  119.3000   25.7000    3.7289
  117.3000   24.4000  119.3000   25.7000    3.7008
  118.0000   27.7000  119.3000   25.7000    3.7034
  116.2000   28.2000  119.3000   25.7000    3.7210
  118.1000   26.0000  119.3000   25.7000    3.8558
  116.5000   25.0000  119.3000   25.7000    3.8259
  115.6000   25.0000  119.3000   25.7000    3.7371
  116.2000   23.8000  119.3000   25.7000    3.7154
  117.4000   26.0000  119.3000   25.7000    3.6839
  118.2000   26.6000  119.3000   25.7000    3.6743
  115.8000   25.6000  119.3000   25.7000    3.7093
  119.1000   27.6000  119.3000   25.7000    3.6924
  117.5000   25.0000  119.3000   25.7000    3.7312
  118.6000   24.9000  119.3000   25.7000    3.8514
  118.9000   27.4000  119.3000   25.7000    3.7009
  117.5000   27.3000  119.3000   25.7000    3.6966
  119.6000   28.0000  119.3000   25.7000    3.6670
  117.6000   24.5000  119.3000   25.7000    3.6668
  116.6000   23.7000  119.3000   25.7000    3.7188
  116.6000   24.7000  119.3000   25.7000    3.7041
  118.0000   28.4000  119.3000   25.7000    3.7128
  117.2000   26.4000  119.3000   25.7000    3.6871
  117.2000   26.9000  119.3000   25.7000    3.7359
  116.1000   24.3000  119.3000   25.7000    3.6923
  119.6000   26.7000  119.3000   25.7000    3.8276
  118.5000   27.9000  119.3000   25.7000    3.7182
  115.8000   27.4000  119.3000   25.7000    3.7435
  119.0000   25.4000  117.5000   25.0000    3.8624
  118.9000   26.4000  117.5000   25.0000    3.7018
  115.7000   27.9000  117.5000   25.0000    3.6635
  116.3000   26.3000  117.5000   25.0000    3.6128
  117.4000   26.0000  117.5000   25.0000    3.8169
  119.6000   26.7000  117.5000   25.0000    3.7240
  118.2000   26.6000  117.5000   25.0000    3.7161
  117.5000   27.3000  117.5000   25.0000    3.7150
  119.5000   25.2000  117.5000   25.0000    3.7334
  115.8000   27.4000  117.5000   25.0000    3.6811
  116.6000   27.5000  117.5000   25.0000    3.6587
  115.6000   25.0000  117.5000   25.0000    3.6139
  119.8000   25.5000  117.5000   25.0000    3.6835
  119.1000   27.6000  117.5000   25.0000    3.6879
  118.9000   27.4000  117.5000   25.0000    3.6877
  119.5000   27.4000  117.5000   25.0000    3.6743
  117.1000   25.7000  117.5000   25.0000    3.7399
  116.1000   24.3000  117.5000   25.0000    3.6830
  116.2000   23.8000  117.5000   25.0000    3.7078
  119.0000   25.0000  117.5000   25.0000    3.7615
  117.2000   26.4000  117.5000   25.0000    3.6296
  118.0000   28.4000  117.5000   25.0000    3.6963
  118.5000   27.9000  117.5000   25.0000    3.7343
  118.0000   27.7000  117.5000   25.0000    3.7229
  117.2000   26.9000  117.5000   25.0000    3.6403
  118.4000   24.5000  117.5000   25.0000    3.8788
  118.1000   26.0000  117.5000   25.0000    3.7316
  116.6000   23.7000  117.5000   25.0000    3.6843
  119.9000   26.4000  117.5000   25.0000    3.7393
  115.8000   25.6000  117.5000   25.0000    3.5922
  116.2000   28.2000  117.5000   25.0000    3.6656
  118.4000   24.5000  116.2000   28.2000    3.6920
  116.3000   26.3000  116.2000   28.2000    3.6894
  118.0000   28.4000  116.2000   28.2000    3.7105
  116.6000   27.5000  116.2000   28.2000    3.8925
  119.1000   27.6000  116.2000   28.2000    3.7295
  115.6000   25.0000  116.2000   28.2000    3.7258
  118.0000   27.7000  120.3000   27.1000    3.7861
  119.0000   25.4000  120.3000   27.1000    3.7106
  116.2000   28.2000  120.3000   27.1000    3.7634
  118.1000   26.0000  120.3000   27.1000    3.6944
  118.7000   26.4000  120.3000   27.1000    3.7012
  116.6000   27.5000  120.3000   27.1000    3.6934
  117.1000   25.7000  120.3000   27.1000    3.7093
  118.9000   26.4000  120.3000   27.1000    3.7478
  116.3000   26.3000  120.3000   27.1000    3.7358
  118.6000   24.9000  120.3000   27.1000    3.7440
  117.4000   26.0000  120.3000   27.1000    3.6967
  119.4000   26.0000  120.3000   27.1000    3.6931
  119.1000   27.6000  120.3000   27.1000    3.7296
  118.2000   26.6000  120.3000   27.1000    3.6881
  118.0000   28.4000  120.3000   27.1000    3.6814
  117.5000   27.3000  120.3000   27.1000    3.7103
  115.8000   25.6000  120.3000   27.1000    3.6704
  119.5000   25.2000  120.3000   27.1000    3.7313
  116.1000   24.3000  120.3000   27.1000    3.7018
  116.5000   25.0000  120.3000   27.1000    3.7738
  115.6000   25.0000  120.3000   27.1000    3.6825
  118.5000   27.9000  120.3000   27.1000    3.7107
  118.4000   24.5000  120.3000   27.1000    3.7330
  115.8000   27.4000  120.3000   27.1000    3.7177
  117.2000   26.9000  120.3000   27.1000    3.7274
  117.2000   26.4000  120.3000   27.1000    3.7337
  116.2000   23.8000  120.3000   27.1000    3.7204
  117.3000   24.4000  120.3000   27.1000    3.7519
  117.5000   25.0000  120.3000   27.1000    3.7125
  119.3000   25.7000  120.3000   27.1000    3.7016
  116.6000   24.7000  120.3000   27.1000    3.7101
  116.6000   23.7000  120.3000   27.1000    3.7140
  119.0000   25.0000  120.3000   27.1000    3.7391
  119.6000   28.0000  120.3000   27.1000    3.6261
  118.4000   24.5000  115.8000   25.6000    3.7179
  116.2000   28.2000  115.8000   25.6000    3.6910
  116.6000   27.5000  115.8000   25.6000    3.6940
  118.0000   28.4000  115.8000   25.6000    3.6931
  119.1000   27.6000  115.8000   25.6000    3.6920
  116.3000   26.3000  115.8000   25.6000    3.8697
  115.8000   27.4000  115.8000   25.6000    3.6317
  116.2000   28.2000  116.1000   24.3000    3.7177
  115.6000   25.0000  116.1000   24.3000    3.8146
  118.4000   24.5000  116.1000   24.3000    3.7711
  118.0000   28.4000  116.1000   24.3000    3.7154
  116.6000   27.5000  116.1000   24.3000    3.6810
  119.1000   27.6000  116.1000   24.3000    3.6660
  115.8000   27.4000  116.1000   24.3000    3.7147
  116.3000   26.3000  116.1000   24.3000    3.7458
  119.6000   28.0000  116.1000   24.3000    3.6667
  115.7000   27.9000  116.1000   24.3000    3.7356
  115.8000   25.6000  116.1000   24.3000    3.7035
  116.3000   26.3000  119.0000   25.4000    3.6893
  116.2000   23.8000  119.0000   25.4000    3.7454
  118.0000   27.7000  119.0000   25.4000    3.7232
  118.1000   26.0000  119.0000   25.4000    3.8440
  116.6000   24.7000  119.0000   25.4000    3.7303
  115.8000   25.6000  119.0000   25.4000    3.7372
  119.1000   27.6000  119.0000   25.4000    3.7187
  117.1000   25.7000  119.0000   25.4000    3.6421
  117.2000   26.9000  119.0000   25.4000    3.7173
  116.1000   24.3000  119.0000   25.4000    3.7239
  119.5000   27.4000  119.0000   25.4000    3.7178
  116.6000   23.7000  119.0000   25.4000    3.7179
  116.6000   27.5000  119.0000   25.4000    3.7037
  115.7000   27.9000  119.0000   25.4000    3.7313
  119.6000   28.0000  119.0000   25.4000    3.7433
  117.6000   24.5000  119.0000   25.4000    3.8072
  117.5000   27.3000  119.0000   25.4000    3.7005
  118.0000   28.4000  119.0000   25.4000    3.7179
  117.4000   26.0000  119.0000   25.4000    3.7134
  116.2000   28.2000  119.0000   25.4000    3.7082
  118.4000   24.5000  119.0000   25.4000    3.8807
  116.5000   25.0000  118.2000   26.6000    3.7453
  117.5000   27.3000  118.2000   26.6000    3.7395
  115.8000   27.4000  118.2000   26.6000    3.6612
  118.6000   24.9000  118.2000   26.6000    3.7309
  119.5000   27.4000  118.2000   26.6000    3.6850
  118.9000   27.4000  118.2000   26.6000    3.8247
  117.3000   24.4000  118.2000   26.6000    3.7115
  118.0000   27.7000  118.2000   26.6000    3.8693
  115.7000   27.9000  118.2000   26.6000    3.7180
  116.6000   23.7000  118.2000   26.6000    3.7033
  118.0000   28.4000  118.2000   26.6000    3.6958
  117.4000   26.0000  118.2000   26.6000    3.8887
  119.0000   25.4000  118.2000   26.6000    3.6779
  118.4000   24.5000  118.2000   26.6000    3.7224
  116.1000   24.3000  118.2000   26.6000    3.6992
  117.1000   25.7000  118.2000   26.6000    3.5980
  116.6000   27.5000  118.2000   26.6000    3.7148
  118.5000   27.9000  118.2000   26.6000    3.6795
  115.8000   25.6000  118.2000   26.6000    3.6681
  117.6000   24.5000  118.2000   26.6000    3.7703
  116.2000   23.8000  118.2000   26.6000    3.6994
  118.2000   25.3000  118.2000   26.6000    3.7756
  116.3000   26.3000  118.2000   26.6000    3.7422
  119.5000   25.2000  118.2000   26.6000    3.6956
  119.1000   27.6000  118.2000   26.6000    3.6866
  116.6000   24.7000  118.2000   26.6000    3.6705
  116.2000   28.2000  118.2000   26.6000    3.6829
  115.8000   27.4000  118.6000   24.9000    3.6627
  116.6000   24.7000  118.6000   24.9000    3.7376
  116.1000   24.3000  118.6000   24.9000    3.7087
  119.1000   27.6000  118.6000   24.9000    3.7534
  117.4000   26.0000  118.6000   24.9000    3.6852
  118.1000   26.0000  118.6000   24.9000    3.7031
  116.6000   23.7000  118.6000   24.9000    3.7570
  116.3000   26.3000  118.6000   24.9000    3.7249
  115.7000   27.9000  118.6000   24.9000    3.7064
  115.8000   25.6000  118.6000   24.9000    3.6401
  117.2000   26.9000  118.6000   24.9000    3.6994
  116.2000   28.2000  118.6000   24.9000    3.7164
  118.0000   27.7000  118.6000   24.9000    3.7600
  118.9000   27.4000  118.6000   24.9000    3.7796
  116.6000   27.5000  118.6000   24.9000    3.6975
  117.1000   25.7000  118.6000   24.9000    3.7226
  118.0000   28.4000  118.6000   24.9000    3.7066
  116.2000   23.8000  118.6000   24.9000    3.7363
  117.5000   27.3000  118.6000   24.9000    3.7199
  115.6000   25.0000  118.6000   24.9000    3.7067
  116.5000   25.0000  118.6000   24.9000    3.7448
  119.5000   27.4000  118.6000   24.9000    3.7262
  118.0000   28.4000  119.5000   27.4000    3.6140
  118.2000   25.3000  119.5000   27.4000    3.7129
  118.4000   24.5000  119.5000   27.4000    3.7453
  116.6000   27.5000  119.5000   27.4000    3.7319
  115.7000   27.9000  119.5000   27.4000    3.7209
  116.2000   28.2000  119.5000   27.4000    3.7519
  116.2000   23.8000  119.5000   27.4000    3.6851
  117.4000   26.0000  119.5000   27.4000    3.6755
  116.3000   26.3000  119.5000   27.4000    3.7465
  116.1000   24.3000  119.5000   27.4000    3.6895
  118.0000   27.7000  119.5000   27.4000    3.7713
  117.2000   26.9000  119.5000   27.4000    3.6746
  118.1000   26.0000  119.5000   27.4000    3.6888
  116.6000   24.7000  119.5000   27.4000    3.7000
  117.1000   25.7000  119.5000   27.4000    3.6921
  116.6000   23.7000  119.5000   27.4000    3.7138
  115.6000   25.0000  119.5000   27.4000    3.7252
  117.5000   27.3000  119.5000   27.4000    3.6940
  115.8000   25.6000  119.5000   27.4000    3.7051
  118.4000   24.5000  116.3000   26.3000    3.7084
  115.6000   25.0000  116.3000   26.3000    3.6700
  119.1000   27.6000  116.3000   26.3000    3.6833
  118.0000   28.4000  116.3000   26.3000    3.6779
  115.8000   25.6000  117.5000   27.3000    3.6800
  118.2000   25.3000  117.5000   27.3000    3.7002
  118.1000   26.0000  117.5000   27.3000    3.6622
  116.3000   26.3000  117.5000   27.3000    3.6682
  116.2000   28.2000  117.5000   27.3000    3.6898
  118.0000   28.4000  117.5000   27.3000    3.7061
  117.1000   25.7000  117.5000   27.3000    3.7138
  115.7000   27.9000  117.5000   27.3000    3.6524
  116.6000   24.7000  117.5000   27.3000    3.7113
  116.1000   24.3000  117.5000   27.3000    3.7009
  119.1000   27.6000  117.5000   27.3000    3.7020
  117.4000   26.0000  117.5000   27.3000    3.7452
  118.4000   24.5000  117.5000   27.3000    3.6884
  116.6000   23.7000  117.5000   27.3000    3.6705
  115.8000   27.4000  117.5000   27.3000    3.7763
  116.6000   27.5000  117.5000   27.3000    3.8863
  116.2000   23.8000  117.5000   27.3000    3.7174
  119.5000   27.4000  116.4000   25.8000    3.6610
  117.2000   26.9000  116.4000   25.8000    3.6702
  118.7000   26.4000  116.4000   25.8000    3.6354
  118.0000   27.7000  116.4000   25.8000    3.6864
  115.7000   27.9000  116.4000   25.8000    3.7242
  115.8000   27.4000  116.4000   25.8000    3.7141
  118.4000   24.5000  116.4000   25.8000    3.7529
  117.4000   23.7000  116.4000   25.8000    3.7341
  117.5000   27.3000  116.4000   25.8000    3.6742
  118.2000   26.6000  116.4000   25.8000    3.6675
  120.3000   27.1000  116.4000   25.8000    3.6281
  116.2000   23.8000  116.4000   25.8000    3.8703
  116.6000   27.5000  116.4000   25.8000    3.8581
  118.0000   28.4000  116.4000   25.8000    3.7436
  116.1000   24.3000  116.4000   25.8000    3.7362
  118.6000   24.9000  116.4000   25.8000    3.6806
  116.6000   24.7000  116.4000   25.8000    3.7656
  117.3000   24.4000  116.4000   25.8000    3.6414
  117.5000   25.0000  116.4000   25.8000    3.5990
  115.6000   25.0000  116.4000   25.8000    3.8686
  118.1000   26.0000  116.4000   25.8000    3.6969
  118.9000   26.4000  116.4000   25.8000    3.6150
  119.6000   26.7000  116.4000   25.8000    3.6538
  118.9000   27.4000  116.4000   25.8000    3.7102
  118.2000   25.3000  116.4000   25.8000    3.6441
  116.6000   23.7000  116.4000   25.8000    3.7297
  119.6000   28.0000  116.4000   25.8000    3.6858
  118.5000   27.9000  116.4000   25.8000    3.7253
  115.8000   25.6000  115.7000   27.9000    3.7418
  118.0000   28.4000  115.7000   27.9000    3.7315
  115.6000   25.0000  115.7000   27.9000    3.6898
  119.1000   27.6000  115.7000   27.9000    3.6709
  118.4000   24.5000  115.7000   27.9000    3.7086
  116.3000   26.3000  115.7000   27.9000    3.6886
  115.7000   27.9000  116.6000   23.7000    3.7124
  118.0000   28.4000  116.6000   23.7000    3.6750
  115.6000   25.0000  116.6000   23.7000    3.6007
  115.8000   25.6000  116.6000   23.7000    3.6814
  119.6000   28.0000  116.6000   23.7000    3.6864
  116.3000   26.3000  116.6000   23.7000    3.7324
  119.1000   27.6000  116.6000   23.7000    3.7002
  116.6000   27.5000  116.6000   23.7000    3.7190
  118.4000   24.5000  116.6000   23.7000    3.7393
  116.1000   24.3000  116.6000   23.7000    3.7168
  116.1000   24.3000  117.2000   26.9000    3.6759
  115.7000   27.9000  117.2000   26.9000    3.6978
  118.0000   28.4000  117.2000   26.9000    3.7171
  116.6000   27.5000  117.2000   26.9000    3.8176
  116.3000   26.3000  117.2000   26.9000    3.8493
  118.9000   27.4000  117.2000   26.9000    3.6322
  117.1000   25.7000  117.2000   26.9000    3.7169
  116.6000   23.7000  117.2000   26.9000    3.7135
  116.2000   28.2000  117.2000   26.9000    3.6391
  118.0000   27.7000  117.2000   26.9000    3.6922
  118.2000   25.3000  117.2000   26.9000    3.6294
  117.4000   26.0000  117.2000   26.9000    3.8790
  118.1000   26.0000  117.2000   26.9000    3.7036
  119.1000   27.6000  117.2000   26.9000    3.7111
  115.8000   25.6000  117.2000   26.9000    3.6714
  116.6000   24.7000  117.2000   26.9000    3.7065
  115.8000   27.4000  117.2000   26.9000    3.7355
  116.2000   23.8000  117.2000   26.9000    3.6975
  115.6000   25.0000  117.2000   26.9000    3.7215
  118.4000   24.5000  117.2000   26.9000    3.7096
  118.7000   26.4000  117.4000   23.7000    3.7434
  117.2000   26.9000  117.4000   23.7000    3.7370
  116.6000   27.5000  117.4000   23.7000    3.7034
  116.2000   23.8000  117.4000   23.7000    3.8081
  116.2000   28.2000  117.4000   23.7000    3.7071
  118.1000   26.0000  117.4000   23.7000    3.7325
  119.3000   25.7000  117.4000   23.7000    3.7486
  117.5000   27.3000  117.4000   23.7000    3.7137
  119.4000   26.0000  117.4000   23.7000    3.7442
  120.3000   27.1000  117.4000   23.7000    3.7283
  117.2000   26.4000  117.4000   23.7000    3.7125
  117.5000   25.0000  117.4000   23.7000    3.7818
  116.3000   26.3000  117.4000   23.7000    3.6894
  116.1000   24.3000  117.4000   23.7000    3.7795
  117.4000   26.0000  117.4000   23.7000    3.7316
  118.6000   24.9000  117.4000   23.7000    3.7467
  116.6000   24.7000  117.4000   23.7000    3.6676
  119.0000   25.0000  117.4000   23.7000    3.7371
  118.0000   28.4000  117.4000   23.7000    3.7171
  115.8000   27.4000  117.4000   23.7000    3.6932
  115.7000   27.9000  117.4000   23.7000    3.6893
  119.5000   25.2000  117.4000   23.7000    3.7390
  119.6000   28.0000  117.4000   23.7000    3.7098
  118.4000   24.5000  117.4000   23.7000    3.7105
  118.9000   27.4000  117.4000   23.7000    3.7386
  118.2000   26.6000  117.4000   23.7000    3.7551
  119.0000   25.4000  117.4000   23.7000    3.7299
  119.6000   26.7000  117.4000   23.7000    3.7179
  115.8000   25.6000  117.4000   23.7000    3.6934
  118.5000   27.9000  117.4000   23.7000    3.7091
  119.9000   26.4000  117.4000   23.7000    3.7416
  119.1000   27.6000  117.4000   23.7000    3.7245
  119.8000   25.5000  117.4000   23.7000    3.7378
  118.0000   27.7000  117.4000   23.7000    3.7006
  117.1000   25.7000  117.4000   23.7000    3.7059
  116.5000   25.0000  117.4000   23.7000    3.7988
  115.6000   25.0000  117.4000   23.7000    3.7082
  118.2000   25.3000  117.4000   23.7000    3.7101
  119.5000   27.4000  117.4000   23.7000    3.7271
  118.9000   26.4000  117.4000   23.7000    3.7014
  119.1000   27.6000  115.8000   27.4000    3.7030
  119.6000   28.0000  115.8000   27.4000    3.6815
  115.6000   25.0000  115.8000   27.4000    3.7580
  118.0000   28.4000  115.8000   27.4000    3.6421
  116.3000   26.3000  115.8000   27.4000    3.8305
  118.4000   24.5000  115.8000   27.4000    3.6901
  119.0000   25.4000  118.5000   27.9000    3.7396
  115.8000   27.4000  118.5000   27.9000    3.6724
  117.1000   25.7000  118.5000   27.9000    3.6946
  115.8000   25.6000  118.5000   27.9000    3.7112
  116.6000   24.7000  118.5000   27.9000    3.6849
  116.2000   23.8000  118.5000   27.9000    3.7113
  118.0000   28.4000  118.5000   27.9000    3.8636
  116.3000   26.3000  118.5000   27.9000    3.6971
  116.1000   24.3000  118.5000   27.9000    3.7006
  116.6000   27.5000  118.5000   27.9000    3.6560
  119.5000   25.2000  118.5000   27.9000    3.6914
  118.4000   24.5000  118.5000   27.9000    3.7323
  119.5000   27.4000  118.5000   27.9000    3.7943
  118.1000   26.0000  118.5000   27.9000    3.7304
  118.6000   24.9000  118.5000   27.9000    3.7364
  116.6000   23.7000  118.5000   27.9000    3.7056
  117.5000   27.3000  118.5000   27.9000    3.7000
  117.2000   26.9000  118.5000   27.9000    3.6855
  117.3000   24.4000  118.5000   27.9000    3.7134
  115.6000   25.0000  118.5000   27.9000    3.6953
  119.8000   25.5000  118.5000   27.9000    3.7281
  116.2000   28.2000  118.5000   27.9000    3.7925
  118.2000   25.3000  118.5000   27.9000    3.7492
  119.0000   25.4000  119.9000   26.4000    3.7990
  117.2000   26.4000  119.9000   26.4000    3.7541
  118.0000   28.4000  119.9000   26.4000    3.6628
  116.6000   24.7000  119.9000   26.4000    3.7165
  119.1000   27.6000  119.9000   26.4000    3.6812
  115.8000   25.6000  119.9000   26.4000    3.7122
  116.6000   27.5000  119.9000   26.4000    3.7530
  116.1000   24.3000  119.9000   26.4000    3.6886
  115.6000   25.0000  119.9000   26.4000    3.6884
  116.2000   28.2000  119.9000   26.4000    3.7432
  116.6000   23.7000  119.9000   26.4000    3.7125
  117.6000   24.5000  119.9000   26.4000    3.7044
  119.5000   25.2000  119.9000   26.4000    3.7877
  118.0000   27.7000  119.9000   26.4000    3.6829
  118.2000   25.3000  119.9000   26.4000    3.6986
  117.5000   27.3000  119.9000   26.4000    3.7589
  117.2000   26.9000  119.9000   26.4000    3.7472
  119.5000   27.4000  119.9000   26.4000    3.7424
  116.2000   23.8000  119.9000   26.4000    3.7153
  116.3000   26.3000  119.9000   26.4000    3.7544
  117.3000   24.4000  119.9000   26.4000    3.7130
  118.5000   27.9000  119.9000   26.4000    3.6584
  118.6000   24.9000  119.9000   26.4000    3.7265
  118.4000   24.5000  119.9000   26.4000    3.7113
  117.1000   25.7000  119.9000   26.4000    3.6971
  117.4000   26.0000  119.9000   26.4000    3.7753
  118.2000   26.6000  119.9000   26.4000    3.7982
  118.9000   27.4000  119.9000   26.4000    3.6568
  118.1000   26.0000  119.9000   26.4000    3.6839
  115.7000   27.9000  119.9000   26.4000    3.7447
