   859    3.5311    0.0450       018
  120.4000   23.9000  119.9000   26.2000    3.4992
  115.8000   27.4000  116.2000   23.8000    3.5097
  115.6000   25.0000  116.2000   23.8000    3.4482
  119.6000   28.0000  116.2000   23.8000    3.5141
  116.6000   27.5000  116.2000   23.8000    3.5298
  119.1000   27.6000  116.2000   23.8000    3.5074
  116.3000   26.3000  116.2000   23.8000    3.5664
  115.7000   27.9000  116.2000   23.8000    3.5341
  118.0000   28.4000  116.2000   23.8000    3.4996
  115.8000   25.6000  116.2000   23.8000    3.4912
  116.2000   28.2000  116.2000   23.8000    3.5219
  118.4000   24.5000  116.2000   23.8000    3.5222
  116.3000   26.3000  116.6000   24.7000    3.5219
  115.8000   27.4000  116.6000   24.7000    3.5252
  115.8000   25.6000  116.6000   24.7000    3.4854
  116.1000   24.3000  116.6000   24.7000    3.6388
  116.2000   28.2000  116.6000   24.7000    3.5368
  118.9000   27.4000  116.6000   24.7000    3.5164
  118.1000   26.0000  116.6000   24.7000    3.5049
  119.6000   28.0000  116.6000   24.7000    3.5117
  116.6000   23.7000  116.6000   24.7000    3.6612
  119.1000   27.6000  116.6000   24.7000    3.5185
  118.0000   28.4000  116.6000   24.7000    3.4944
  116.2000   23.8000  116.6000   24.7000    3.5231
  115.6000   25.0000  116.6000   24.7000    3.5299
  118.4000   24.5000  116.6000   24.7000    3.5308
  115.7000   27.9000  116.6000   24.7000    3.5020
  116.5000   25.0000  118.9000   26.4000    3.4806
  115.8000   27.4000  118.9000   26.4000    3.5349
  116.6000   23.7000  118.9000   26.4000    3.5290
  115.6000   25.0000  118.9000   26.4000    3.4800
  118.6000   24.9000  118.9000   26.4000    3.5456
  117.2000   26.9000  118.9000   26.4000    3.5165
  117.4000   26.0000  118.9000   26.4000    3.5674
  119.8000   25.5000  118.9000   26.4000    3.5891
  116.6000   27.5000  118.9000   26.4000    3.5402
  116.2000   28.2000  118.9000   26.4000    3.5297
  119.5000   27.4000  118.9000   26.4000    3.5575
  117.3000   24.4000  118.9000   26.4000    3.5190
  115.7000   27.9000  118.9000   26.4000    3.5426
  116.2000   23.8000  118.9000   26.4000    3.5417
  118.0000   28.4000  118.9000   26.4000    3.5058
  118.5000   27.9000  118.9000   26.4000    3.5294
  119.1000   27.6000  118.9000   26.4000    3.4988
  118.9000   27.4000  118.9000   26.4000    3.6717
  117.1000   25.7000  118.9000   26.4000    3.4987
  118.2000   25.3000  118.9000   26.4000    3.5150
  117.5000   27.3000  118.9000   26.4000    3.5261
  116.1000   24.3000  118.9000   26.4000    3.4963
  117.2000   26.4000  118.9000   26.4000    3.6244
  118.0000   27.7000  118.9000   26.4000    3.5220
  119.5000   25.2000  118.9000   26.4000    3.4988
  119.6000   28.0000  118.9000   26.4000    3.4823
  118.4000   24.5000  118.9000   26.4000    3.5828
  115.8000   25.6000  118.9000   26.4000    3.5376
  117.6000   24.5000  118.9000   26.4000    3.5096
  116.3000   26.3000  118.9000   26.4000    3.5245
  116.6000   24.7000  118.9000   26.4000    3.5049
  115.6000   25.0000  119.8000   25.5000    3.5375
  119.5000   27.4000  119.8000   25.5000    3.5483
  118.0000   27.7000  119.8000   25.5000    3.5189
  116.3000   26.3000  119.8000   25.5000    3.5077
  117.2000   26.9000  119.8000   25.5000    3.5830
  119.1000   27.6000  119.8000   25.5000    3.5930
  117.6000   24.5000  119.8000   25.5000    3.5565
  116.6000   24.7000  119.8000   25.5000    3.6154
  117.4000   26.0000  119.8000   25.5000    3.6082
  118.1000   26.0000  119.8000   25.5000    3.5817
  115.7000   27.9000  119.8000   25.5000    3.5599
  116.6000   27.5000  119.8000   25.5000    3.5235
  117.1000   25.7000  119.8000   25.5000    3.5387
  116.1000   24.3000  119.8000   25.5000    3.5581
  118.4000   24.5000  119.8000   25.5000    3.5600
  118.0000   28.4000  119.8000   25.5000    3.5315
  118.2000   25.3000  119.8000   25.5000    3.5342
  116.6000   23.7000  119.8000   25.5000    3.5570
  118.9000   27.4000  119.8000   25.5000    3.5364
  116.5000   25.0000  119.8000   25.5000    3.5378
  119.6000   28.0000  119.8000   25.5000    3.5523
  116.2000   28.2000  119.8000   25.5000    3.5446
  116.2000   23.8000  119.8000   25.5000    3.5263
  117.5000   27.3000  119.8000   25.5000    3.5327
  116.1000   24.3000  118.2000   25.3000    3.4766
  116.6000   27.5000  118.2000   25.3000    3.4815
  116.6000   23.7000  118.2000   25.3000    3.5490
  116.6000   24.7000  118.2000   25.3000    3.4859
  118.0000   28.4000  118.2000   25.3000    3.5474
  119.1000   27.6000  118.2000   25.3000    3.4900
  115.8000   25.6000  118.2000   25.3000    3.5604
  115.7000   27.9000  118.2000   25.3000    3.5019
  116.2000   28.2000  118.2000   25.3000    3.5103
  117.6000   24.5000  118.2000   25.3000    3.5064
  118.9000   27.4000  118.2000   25.3000    3.5100
  116.2000   23.8000  118.2000   25.3000    3.5307
  116.3000   26.3000  118.2000   25.3000    3.5345
  115.8000   27.4000  118.2000   25.3000    3.5182
  119.6000   28.0000  115.6000   25.0000    3.4803
  118.4000   24.5000  115.6000   25.0000    3.5143
  119.1000   27.6000  115.6000   25.0000    3.4870
  120.4000   23.9000  118.4000   24.5000    3.5518
  119.1000   27.6000  118.4000   24.5000    3.5987
  119.9000   26.2000  118.4000   24.5000    3.5771
  118.2000   25.3000  117.3000   24.4000    3.5038
  116.1000   24.3000  117.3000   24.4000    3.6062
  119.1000   27.6000  117.3000   24.4000    3.4893
  119.0000   25.4000  117.3000   24.4000    3.5784
  118.0000   28.4000  117.3000   24.4000    3.5183
  115.7000   27.9000  117.3000   24.4000    3.4800
  118.4000   24.5000  117.3000   24.4000    3.5518
  118.0000   27.7000  117.3000   24.4000    3.5302
  116.2000   23.8000  117.3000   24.4000    3.5349
  117.5000   27.3000  117.3000   24.4000    3.5309
  117.4000   26.0000  117.3000   24.4000    3.5928
  116.3000   26.3000  117.3000   24.4000    3.4489
  118.6000   24.9000  117.3000   24.4000    3.6331
  116.6000   27.5000  117.3000   24.4000    3.5019
  116.6000   23.7000  117.3000   24.4000    3.5715
  116.2000   28.2000  117.3000   24.4000    3.4999
  116.5000   25.0000  117.3000   24.4000    3.5852
  117.2000   26.9000  117.3000   24.4000    3.5634
  118.9000   27.4000  117.3000   24.4000    3.4863
  115.8000   27.4000  117.3000   24.4000    3.4996
  119.8000   25.5000  117.3000   24.4000    3.5994
  119.5000   27.4000  117.3000   24.4000    3.5137
  118.1000   26.0000  117.3000   24.4000    3.4769
  115.6000   25.0000  117.3000   24.4000    3.4724
  117.1000   25.7000  117.3000   24.4000    3.5923
  115.8000   25.6000  117.3000   24.4000    3.5517
  119.5000   25.2000  117.3000   24.4000    3.5463
  115.6000   25.0000  116.6000   27.5000    3.5026
  116.3000   26.3000  116.6000   27.5000    3.5610
  119.1000   27.6000  116.6000   27.5000    3.4617
  118.0000   28.4000  116.6000   27.5000    3.4910
  118.4000   24.5000  116.6000   27.5000    3.4963
  118.0000   28.4000  118.1000   26.0000    3.5118
  118.9000   27.4000  118.1000   26.0000    3.5063
  116.6000   23.7000  118.1000   26.0000    3.4835
  115.8000   27.4000  118.1000   26.0000    3.5122
  115.7000   27.9000  118.1000   26.0000    3.5321
  116.3000   26.3000  118.1000   26.0000    3.4480
  116.2000   23.8000  118.1000   26.0000    3.5146
  116.1000   24.3000  118.1000   26.0000    3.5138
  116.2000   28.2000  118.1000   26.0000    3.5042
  117.6000   24.5000  118.1000   26.0000    3.4653
  115.8000   25.6000  118.1000   26.0000    3.5542
  116.6000   27.5000  118.1000   26.0000    3.5011
  118.4000   24.5000  118.1000   26.0000    3.5495
  119.6000   28.0000  118.1000   26.0000    3.5208
  115.6000   25.0000  118.1000   26.0000    3.4801
  119.1000   27.6000  118.1000   26.0000    3.4932
  116.1000   24.3000  119.5000   25.2000    3.5604
  116.5000   25.0000  119.5000   25.2000    3.5276
  117.5000   27.3000  119.5000   25.2000    3.5416
  118.9000   27.4000  119.5000   25.2000    3.5844
  118.4000   24.5000  119.5000   25.2000    3.5899
  118.1000   26.0000  119.5000   25.2000    3.5733
  117.4000   26.0000  119.5000   25.2000    3.5510
  119.5000   27.4000  119.5000   25.2000    3.6203
  116.6000   24.7000  119.5000   25.2000    3.5784
  116.6000   27.5000  119.5000   25.2000    3.5412
  115.6000   25.0000  119.5000   25.2000    3.5436
  119.1000   27.6000  119.5000   25.2000    3.5579
  116.2000   28.2000  119.5000   25.2000    3.5331
  118.0000   27.7000  119.5000   25.2000    3.5508
  117.2000   26.9000  119.5000   25.2000    3.5473
  115.8000   27.4000  119.5000   25.2000    3.5256
  118.0000   28.4000  119.5000   25.2000    3.5450
  117.6000   24.5000  119.5000   25.2000    3.6184
  116.3000   26.3000  119.5000   25.2000    3.5342
  116.6000   23.7000  119.5000   25.2000    3.5551
  115.8000   25.6000  119.5000   25.2000    3.5030
  117.1000   25.7000  119.5000   25.2000    3.5239
  115.7000   27.9000  119.5000   25.2000    3.5340
  117.4000   26.0000  119.4000   26.0000    3.4998
  116.3000   26.3000  119.4000   26.0000    3.5065
  115.8000   27.4000  119.4000   26.0000    3.5529
  116.6000   27.5000  119.4000   26.0000    3.5434
  117.5000   27.3000  119.4000   26.0000    3.5490
  119.0000   25.4000  119.4000   26.0000    3.6542
  118.1000   26.0000  119.4000   26.0000    3.6587
  117.3000   24.4000  119.4000   26.0000    3.5749
  115.7000   27.9000  119.4000   26.0000    3.5357
  117.2000   26.9000  119.4000   26.0000    3.5542
  115.8000   25.6000  119.4000   26.0000    3.5393
  116.1000   24.3000  119.4000   26.0000    3.5048
  119.1000   27.6000  119.4000   26.0000    3.5974
  118.0000   28.4000  119.4000   26.0000    3.5076
  119.6000   28.0000  119.4000   26.0000    3.5560
  116.6000   23.7000  119.4000   26.0000    3.5906
  117.2000   26.4000  119.4000   26.0000    3.5484
  116.2000   28.2000  119.4000   26.0000    3.5341
  118.6000   24.9000  119.4000   26.0000    3.5402
  116.6000   24.7000  119.4000   26.0000    3.4864
  118.9000   26.4000  119.4000   26.0000    3.5296
  118.2000   25.3000  119.4000   26.0000    3.5882
  117.5000   25.0000  119.4000   26.0000    3.5112
  116.5000   25.0000  119.4000   26.0000    3.5239
  119.0000   25.0000  119.4000   26.0000    3.5896
  119.8000   25.5000  119.4000   26.0000    3.6455
  118.0000   27.7000  119.4000   26.0000    3.5270
  118.2000   26.6000  119.4000   26.0000    3.5555
  119.5000   27.4000  119.4000   26.0000    3.5825
  118.5000   27.9000  119.4000   26.0000    3.5305
  118.9000   27.4000  119.4000   26.0000    3.4880
  116.2000   23.8000  119.4000   26.0000    3.5266
  118.4000   24.5000  119.4000   26.0000    3.5528
  115.6000   25.0000  119.4000   26.0000    3.5129
  117.1000   25.7000  119.4000   26.0000    3.5655
  115.7000   27.9000  119.6000   26.7000    3.5401
  118.0000   28.4000  119.6000   26.7000    3.4881
  116.2000   23.8000  119.6000   26.7000    3.5455
  117.1000   25.7000  119.6000   26.7000    3.5190
  118.0000   27.7000  119.6000   26.7000    3.4734
  117.6000   24.5000  119.6000   26.7000    3.5394
  118.5000   27.9000  119.6000   26.7000    3.4580
  117.2000   26.9000  119.6000   26.7000    3.5588
  117.3000   24.4000  119.6000   26.7000    3.5483
  116.6000   23.7000  119.6000   26.7000    3.5575
  116.6000   27.5000  119.6000   26.7000    3.5448
  116.2000   28.2000  119.6000   26.7000    3.5270
  116.3000   26.3000  119.6000   26.7000    3.5350
  116.1000   24.3000  119.6000   26.7000    3.5031
  115.8000   25.6000  119.6000   26.7000    3.5389
  119.6000   28.0000  119.6000   26.7000    3.6117
  118.1000   26.0000  119.6000   26.7000    3.4953
  118.4000   24.5000  119.6000   26.7000    3.5470
  118.6000   24.9000  119.6000   26.7000    3.5149
  117.4000   26.0000  119.6000   26.7000    3.5393
  115.8000   27.4000  119.6000   26.7000    3.5397
  119.1000   27.6000  119.6000   26.7000    3.4233
  119.0000   25.4000  119.6000   26.7000    3.5428
  118.2000   26.6000  119.6000   26.7000    3.6691
  118.2000   25.3000  119.6000   26.7000    3.5463
  118.9000   27.4000  119.6000   26.7000    3.5020
  116.6000   24.7000  119.6000   26.7000    3.4939
  115.6000   25.0000  119.6000   26.7000    3.4995
  117.5000   27.3000  119.6000   26.7000    3.5383
  116.5000   25.0000  119.6000   26.7000    3.4817
  118.0000   27.7000  119.0000   25.0000    3.5583
  116.2000   23.8000  119.0000   25.0000    3.5264
  117.5000   27.3000  119.0000   25.0000    3.5451
  118.5000   27.9000  119.0000   25.0000    3.5488
  116.6000   24.7000  119.0000   25.0000    3.5807
  115.6000   25.0000  119.0000   25.0000    3.5263
  117.6000   24.5000  119.0000   25.0000    3.6589
  115.7000   27.9000  119.0000   25.0000    3.5316
  117.3000   24.4000  119.0000   25.0000    3.5661
  116.5000   25.0000  119.0000   25.0000    3.5671
  117.4000   26.0000  119.0000   25.0000    3.5822
  118.9000   27.4000  119.0000   25.0000    3.4954
  119.5000   27.4000  119.0000   25.0000    3.6020
  118.2000   26.6000  119.0000   25.0000    3.5482
  115.8000   27.4000  119.0000   25.0000    3.5161
  118.1000   26.0000  119.0000   25.0000    3.5213
  116.6000   23.7000  119.0000   25.0000    3.6040
  115.8000   25.6000  119.0000   25.0000    3.5166
  116.2000   28.2000  119.0000   25.0000    3.5187
  116.6000   27.5000  119.0000   25.0000    3.5095
  119.6000   28.0000  119.0000   25.0000    3.6199
  119.9000   26.4000  119.0000   25.0000    3.5411
  117.1000   25.7000  119.0000   25.0000    3.5261
  117.2000   26.4000  119.0000   25.0000    3.5488
  119.6000   26.7000  119.0000   25.0000    3.5602
  116.1000   24.3000  119.0000   25.0000    3.5512
  116.3000   26.3000  119.0000   25.0000    3.5378
  119.1000   27.6000  119.0000   25.0000    3.5827
  118.0000   28.4000  119.0000   25.0000    3.5466
  117.2000   26.9000  119.0000   25.0000    3.5133
  117.5000   27.3000  116.5000   25.0000    3.4578
  118.1000   26.0000  116.5000   25.0000    3.4505
  118.2000   25.3000  116.5000   25.0000    3.5942
  116.2000   23.8000  116.5000   25.0000    3.5188
  116.3000   26.3000  116.5000   25.0000    3.6083
  115.8000   27.4000  116.5000   25.0000    3.5338
  118.4000   24.5000  116.5000   25.0000    3.4947
  119.1000   27.6000  116.5000   25.0000    3.4964
  119.5000   27.4000  116.5000   25.0000    3.5064
  117.4000   26.0000  116.5000   25.0000    3.4601
  117.1000   25.7000  116.5000   25.0000    3.5390
  115.7000   27.9000  116.5000   25.0000    3.5164
  116.1000   24.3000  116.5000   25.0000    3.5971
  115.8000   25.6000  116.5000   25.0000    3.5988
  118.9000   27.4000  116.5000   25.0000    3.5271
  118.0000   28.4000  118.9000   27.4000    3.4097
  115.8000   25.6000  118.9000   27.4000    3.4898
  119.6000   28.0000  118.9000   27.4000    3.5379
  115.8000   27.4000  118.9000   27.4000    3.5239
  116.3000   26.3000  118.9000   27.4000    3.5174
  116.1000   24.3000  118.9000   27.4000    3.5183
  116.6000   23.7000  118.9000   27.4000    3.4997
  117.6000   24.5000  118.9000   27.4000    3.4970
  118.4000   24.5000  118.9000   27.4000    3.6252
  115.6000   25.0000  118.9000   27.4000    3.4919
  116.2000   23.8000  118.9000   27.4000    3.5086
  116.6000   27.5000  118.9000   27.4000    3.5521
  116.6000   27.5000  117.6000   24.5000    3.4980
  115.6000   25.0000  117.6000   24.5000    3.5593
  115.8000   25.6000  117.6000   24.5000    3.5793
  115.8000   27.4000  117.6000   24.5000    3.4791
  116.6000   23.7000  117.6000   24.5000    3.5960
  119.6000   28.0000  117.6000   24.5000    3.5050
  115.7000   27.9000  117.6000   24.5000    3.4731
  116.3000   26.3000  117.6000   24.5000    3.4405
  116.1000   24.3000  117.6000   24.5000    3.6136
  118.0000   28.4000  117.6000   24.5000    3.5205
  118.2000   25.3000  117.4000   26.0000    3.5424
  116.1000   24.3000  117.4000   26.0000    3.4825
  116.2000   28.2000  117.4000   26.0000    3.5001
  116.6000   27.5000  117.4000   26.0000    3.4637
  116.2000   23.8000  117.4000   26.0000    3.4693
  116.6000   23.7000  117.4000   26.0000    3.4844
  116.6000   24.7000  117.4000   26.0000    3.4573
  115.8000   25.6000  117.4000   26.0000    3.5200
  119.6000   28.0000  117.4000   26.0000    3.5247
  118.1000   26.0000  117.4000   26.0000    3.6512
  118.4000   24.5000  117.4000   26.0000    3.4798
  118.9000   27.4000  117.4000   26.0000    3.5187
  115.6000   25.0000  117.4000   26.0000    3.4418
  116.3000   26.3000  117.4000   26.0000    3.4591
  119.1000   27.6000  117.4000   26.0000    3.5273
  115.7000   27.9000  117.4000   26.0000    3.4929
  118.0000   28.4000  117.4000   26.0000    3.5137
  115.8000   27.4000  117.4000   26.0000    3.4674
  116.3000   26.3000  118.7000   26.4000    3.5369
  115.8000   25.6000  118.7000   26.4000    3.5490
  119.5000   27.4000  118.7000   26.4000    3.5523
  118.2000   25.3000  118.7000   26.4000    3.5375
  119.8000   25.5000  118.7000   26.4000    3.5586
  118.4000   24.5000  118.7000   26.4000    3.5815
  118.9000   27.4000  118.7000   26.4000    3.6092
  117.2000   26.9000  118.7000   26.4000    3.6218
  115.7000   27.9000  118.7000   26.4000    3.5309
  119.5000   25.2000  118.7000   26.4000    3.5282
  119.9000   26.4000  118.7000   26.4000    3.6762
  118.5000   27.9000  118.7000   26.4000    3.5939
  117.5000   27.3000  118.7000   26.4000    3.5730
  119.0000   25.0000  118.7000   26.4000    3.6624
  117.5000   25.0000  118.7000   26.4000    3.5003
  115.8000   27.4000  118.7000   26.4000    3.5502
  119.1000   27.6000  118.7000   26.4000    3.4783
  118.6000   24.9000  118.7000   26.4000    3.5806
  117.2000   26.4000  118.7000   26.4000    3.6636
  116.6000   27.5000  118.7000   26.4000    3.5301
  116.2000   23.8000  118.7000   26.4000    3.5118
  116.6000   24.7000  118.7000   26.4000    3.4862
  118.0000   27.7000  118.7000   26.4000    3.5658
  119.6000   28.0000  118.7000   26.4000    3.5178
  116.5000   25.0000  118.7000   26.4000    3.4795
  116.2000   28.2000  118.7000   26.4000    3.5280
  118.0000   28.4000  118.7000   26.4000    3.5125
  117.1000   25.7000  118.7000   26.4000    3.4688
  117.3000   24.4000  118.7000   26.4000    3.5210
  117.4000   26.0000  117.1000   25.7000    3.6295
  116.3000   26.3000  117.1000   25.7000    3.5920
  115.7000   27.9000  117.1000   25.7000    3.4719
  118.1000   26.0000  117.1000   25.7000    3.5144
  118.4000   24.5000  117.1000   25.7000    3.5206
  115.6000   25.0000  117.1000   25.7000    3.4350
  116.6000   27.5000  117.1000   25.7000    3.4508
  118.9000   27.4000  117.1000   25.7000    3.5288
  119.1000   27.6000  117.1000   25.7000    3.5269
  116.1000   24.3000  117.1000   25.7000    3.4798
  116.2000   23.8000  117.1000   25.7000    3.4639
  116.2000   28.2000  117.1000   25.7000    3.4695
  118.0000   28.4000  117.1000   25.7000    3.5011
  116.6000   24.7000  117.1000   25.7000    3.4608
  115.8000   27.4000  117.1000   25.7000    3.4637
  119.6000   28.0000  117.1000   25.7000    3.5165
  115.8000   25.6000  117.1000   25.7000    3.6364
  117.6000   24.5000  117.1000   25.7000    3.4219
  116.6000   23.7000  117.1000   25.7000    3.5056
  118.2000   25.3000  117.1000   25.7000    3.5840
  115.6000   25.0000  118.0000   28.4000    3.5056
  118.4000   24.5000  118.0000   28.4000    3.5059
  119.1000   27.6000  118.0000   28.4000    3.4683
  118.1000   26.0000  118.0000   27.7000    3.6310
  118.9000   27.4000  118.0000   27.7000    3.4779
  119.6000   28.0000  118.0000   27.7000    3.4876
  118.2000   25.3000  118.0000   27.7000    3.5398
  116.6000   23.7000  118.0000   27.7000    3.5104
  115.8000   27.4000  118.0000   27.7000    3.5056
  116.1000   24.3000  118.0000   27.7000    3.4882
  115.8000   25.6000  118.0000   27.7000    3.5062
  116.2000   23.8000  118.0000   27.7000    3.4977
  116.2000   28.2000  118.0000   27.7000    3.4735
  116.6000   24.7000  118.0000   27.7000    3.4780
  116.3000   26.3000  118.0000   27.7000    3.5060
  117.6000   24.5000  118.0000   27.7000    3.5645
  118.4000   24.5000  118.0000   27.7000    3.5449
  117.4000   26.0000  118.0000   27.7000    3.4841
  116.6000   27.5000  118.0000   27.7000    3.6456
  117.1000   25.7000  118.0000   27.7000    3.4735
  116.6000   27.5000  117.2000   26.4000    3.4290
  118.4000   24.5000  117.2000   26.4000    3.4866
  117.1000   25.7000  117.2000   26.4000    3.6491
  118.9000   27.4000  117.2000   26.4000    3.4695
  119.0000   25.4000  117.2000   26.4000    3.5907
  119.6000   26.7000  117.2000   26.4000    3.5982
  118.6000   24.9000  117.2000   26.4000    3.5300
  118.5000   27.9000  117.2000   26.4000    3.5025
  119.1000   27.6000  117.2000   26.4000    3.4693
  116.1000   24.3000  117.2000   26.4000    3.4654
  117.6000   24.5000  117.2000   26.4000    3.5280
  117.5000   27.3000  117.2000   26.4000    3.5918
  116.6000   23.7000  117.2000   26.4000    3.5110
  116.2000   28.2000  117.2000   26.4000    3.4869
  119.5000   25.2000  117.2000   26.4000    3.5444
  118.0000   27.7000  117.2000   26.4000    3.4892
  119.6000   28.0000  117.2000   26.4000    3.4830
  116.6000   24.7000  117.2000   26.4000    3.4341
  115.7000   27.9000  117.2000   26.4000    3.4810
  119.5000   27.4000  117.2000   26.4000    3.4849
  118.2000   25.3000  117.2000   26.4000    3.4449
  118.1000   26.0000  117.2000   26.4000    3.4926
  116.2000   23.8000  117.2000   26.4000    3.4730
  117.3000   24.4000  117.2000   26.4000    3.5759
  118.0000   28.4000  117.2000   26.4000    3.4937
  118.2000   26.6000  117.2000   26.4000    3.5877
  115.6000   25.0000  117.2000   26.4000    3.4879
  115.8000   25.6000  117.2000   26.4000    3.4779
  115.8000   27.4000  117.2000   26.4000    3.5090
  116.5000   25.0000  117.2000   26.4000    3.4871
  116.3000   26.3000  119.3000   25.7000    3.4794
  119.5000   27.4000  119.3000   25.7000    3.5776
  117.1000   25.7000  119.3000   25.7000    3.5135
  118.4000   24.5000  119.3000   25.7000    3.5544
  115.7000   27.9000  119.3000   25.7000    3.5244
  116.6000   27.5000  119.3000   25.7000    3.5430
  117.3000   24.4000  119.3000   25.7000    3.5730
  118.0000   27.7000  119.3000   25.7000    3.5180
  116.2000   28.2000  119.3000   25.7000    3.5382
  118.1000   26.0000  119.3000   25.7000    3.5492
  116.5000   25.0000  119.3000   25.7000    3.5644
  115.6000   25.0000  119.3000   25.7000    3.5207
  116.2000   23.8000  119.3000   25.7000    3.5205
  117.4000   26.0000  119.3000   25.7000    3.5189
  118.2000   26.6000  119.3000   25.7000    3.5433
  115.8000   25.6000  119.3000   25.7000    3.5223
  119.1000   27.6000  119.3000   25.7000    3.5563
  119.9000   26.4000  119.3000   25.7000    3.5687
  117.5000   25.0000  119.3000   25.7000    3.5112
  118.6000   24.9000  119.3000   25.7000    3.5452
  118.9000   27.4000  119.3000   25.7000    3.5024
  117.5000   27.3000  119.3000   25.7000    3.5175
  119.6000   28.0000  119.3000   25.7000    3.5756
  117.6000   24.5000  119.3000   25.7000    3.5508
  118.7000   26.4000  119.3000   25.7000    3.5217
  116.6000   23.7000  119.3000   25.7000    3.5998
  116.6000   24.7000  119.3000   25.7000    3.5128
  118.0000   28.4000  119.3000   25.7000    3.5198
  117.2000   26.4000  119.3000   25.7000    3.5158
  117.2000   26.9000  119.3000   25.7000    3.5606
  116.1000   24.3000  119.3000   25.7000    3.5046
  119.6000   26.7000  119.3000   25.7000    3.5835
  118.5000   27.9000  119.3000   25.7000    3.5484
  119.0000   25.0000  119.3000   25.7000    3.6454
  118.9000   26.4000  119.3000   25.7000    3.5147
  115.8000   27.4000  119.3000   25.7000    3.5596
  119.0000   25.4000  117.5000   25.0000    3.5214
  118.9000   26.4000  117.5000   25.0000    3.5186
  115.7000   27.9000  117.5000   25.0000    3.4761
  116.3000   26.3000  117.5000   25.0000    3.4569
  117.4000   26.0000  117.5000   25.0000    3.5936
  119.6000   26.7000  117.5000   25.0000    3.5477
  118.2000   26.6000  117.5000   25.0000    3.4784
  117.5000   27.3000  117.5000   25.0000    3.5595
  119.5000   25.2000  117.5000   25.0000    3.6138
  115.8000   27.4000  117.5000   25.0000    3.4774
  116.6000   24.7000  117.5000   25.0000    3.6267
  116.6000   27.5000  117.5000   25.0000    3.4910
  115.6000   25.0000  117.5000   25.0000    3.4398
  119.8000   25.5000  117.5000   25.0000    3.5633
  119.1000   27.6000  117.5000   25.0000    3.4810
  118.9000   27.4000  117.5000   25.0000    3.4766
  119.5000   27.4000  117.5000   25.0000    3.5160
  117.1000   25.7000  117.5000   25.0000    3.4364
  116.1000   24.3000  117.5000   25.0000    3.4810
  116.2000   23.8000  117.5000   25.0000    3.5271
  119.0000   25.0000  117.5000   25.0000    3.6479
  117.2000   26.4000  117.5000   25.0000    3.4897
  116.5000   25.0000  117.5000   25.0000    3.5506
  118.0000   28.4000  117.5000   25.0000    3.5164
  118.6000   24.9000  117.5000   25.0000    3.6197
  118.5000   27.9000  117.5000   25.0000    3.5126
  118.0000   27.7000  117.5000   25.0000    3.5398
  117.2000   26.9000  117.5000   25.0000    3.4725
  118.4000   24.5000  117.5000   25.0000    3.6266
  118.1000   26.0000  117.5000   25.0000    3.4858
  116.6000   23.7000  117.5000   25.0000    3.4933
  119.9000   26.4000  117.5000   25.0000    3.5180
  116.2000   28.2000  117.5000   25.0000    3.4871
  115.8000   27.4000  116.2000   28.2000    3.5511
  118.4000   24.5000  116.2000   28.2000    3.5019
  116.3000   26.3000  116.2000   28.2000    3.5706
  118.0000   28.4000  116.2000   28.2000    3.5821
  116.6000   27.5000  116.2000   28.2000    3.5176
  119.1000   27.6000  116.2000   28.2000    3.5338
  115.6000   25.0000  116.2000   28.2000    3.4868
  118.0000   27.7000  120.3000   27.1000    3.5417
  119.0000   25.4000  120.3000   27.1000    3.5387
  116.2000   28.2000  120.3000   27.1000    3.5368
  118.1000   26.0000  120.3000   27.1000    3.5161
  118.7000   26.4000  120.3000   27.1000    3.5795
  117.6000   24.5000  120.3000   27.1000    3.5864
  119.6000   26.7000  120.3000   27.1000    3.6641
  116.6000   27.5000  120.3000   27.1000    3.5012
  117.1000   25.7000  120.3000   27.1000    3.5213
  118.9000   26.4000  120.3000   27.1000    3.5744
  116.3000   26.3000  120.3000   27.1000    3.5753
  118.6000   24.9000  120.3000   27.1000    3.5494
  117.4000   26.0000  120.3000   27.1000    3.5344
  119.4000   26.0000  120.3000   27.1000    3.5202
  119.1000   27.6000  120.3000   27.1000    3.6328
  119.8000   25.5000  120.3000   27.1000    3.6037
  118.2000   26.6000  120.3000   27.1000    3.5596
  118.0000   28.4000  120.3000   27.1000    3.5215
  117.5000   27.3000  120.3000   27.1000    3.5403
  115.8000   25.6000  120.3000   27.1000    3.5408
  119.5000   25.2000  120.3000   27.1000    3.5549
  116.1000   24.3000  120.3000   27.1000    3.5184
  116.5000   25.0000  120.3000   27.1000    3.5270
  115.6000   25.0000  120.3000   27.1000    3.5088
  118.5000   27.9000  120.3000   27.1000    3.5941
  118.4000   24.5000  120.3000   27.1000    3.5571
  115.8000   27.4000  120.3000   27.1000    3.5368
  117.2000   26.9000  120.3000   27.1000    3.5526
  117.2000   26.4000  120.3000   27.1000    3.5745
  116.2000   23.8000  120.3000   27.1000    3.5467
  117.3000   24.4000  120.3000   27.1000    3.5689
  118.9000   27.4000  120.3000   27.1000    3.5064
  117.5000   25.0000  120.3000   27.1000    3.5607
  119.3000   25.7000  120.3000   27.1000    3.5313
  119.9000   26.4000  120.3000   27.1000    3.6532
  116.6000   24.7000  120.3000   27.1000    3.5118
  116.6000   23.7000  120.3000   27.1000    3.5749
  119.0000   25.0000  120.3000   27.1000    3.5379
  119.6000   28.0000  120.3000   27.1000    3.4629
  119.6000   28.0000  115.8000   25.6000    3.4875
  118.4000   24.5000  115.8000   25.6000    3.4913
  116.2000   28.2000  115.8000   25.6000    3.4977
  116.6000   27.5000  115.8000   25.6000    3.5025
  118.0000   28.4000  115.8000   25.6000    3.5100
  119.1000   27.6000  115.8000   25.6000    3.4906
  116.3000   26.3000  115.8000   25.6000    3.4638
  115.8000   27.4000  115.8000   25.6000    3.4924
  116.2000   28.2000  116.1000   24.3000    3.5447
  115.6000   25.0000  116.1000   24.3000    3.4226
  118.4000   24.5000  116.1000   24.3000    3.5720
  118.0000   28.4000  116.1000   24.3000    3.4918
  116.6000   27.5000  116.1000   24.3000    3.5000
  119.1000   27.6000  116.1000   24.3000    3.5154
  115.8000   27.4000  116.1000   24.3000    3.5230
  116.3000   26.3000  116.1000   24.3000    3.5710
  119.6000   28.0000  116.1000   24.3000    3.5107
  115.7000   27.9000  116.1000   24.3000    3.5475
  115.8000   25.6000  116.1000   24.3000    3.4686
  116.3000   26.3000  119.0000   25.4000    3.5341
  116.2000   23.8000  119.0000   25.4000    3.5102
  118.0000   27.7000  119.0000   25.4000    3.5265
  118.1000   26.0000  119.0000   25.4000    3.5843
  116.6000   24.7000  119.0000   25.4000    3.5400
  115.6000   25.0000  119.0000   25.4000    3.5215
  115.8000   25.6000  119.0000   25.4000    3.4827
  119.1000   27.6000  119.0000   25.4000    3.6094
  117.1000   25.7000  119.0000   25.4000    3.5080
  117.2000   26.9000  119.0000   25.4000    3.5521
  116.1000   24.3000  119.0000   25.4000    3.5151
  119.5000   27.4000  119.0000   25.4000    3.5617
  116.6000   23.7000  119.0000   25.4000    3.5982
  116.6000   27.5000  119.0000   25.4000    3.5270
  115.7000   27.9000  119.0000   25.4000    3.5303
  119.6000   28.0000  119.0000   25.4000    3.5457
  117.6000   24.5000  119.0000   25.4000    3.5455
  117.5000   27.3000  119.0000   25.4000    3.5302
  118.0000   28.4000  119.0000   25.4000    3.5495
  117.4000   26.0000  119.0000   25.4000    3.5151
  116.2000   28.2000  119.0000   25.4000    3.5220
  118.4000   24.5000  119.0000   25.4000    3.5932
  116.5000   25.0000  118.2000   26.6000    3.5144
  117.5000   27.3000  118.2000   26.6000    3.5479
  115.8000   27.4000  118.2000   26.6000    3.5387
  118.6000   24.9000  118.2000   26.6000    3.5297
  119.5000   27.4000  118.2000   26.6000    3.4920
  118.9000   27.4000  118.2000   26.6000    3.5178
  117.3000   24.4000  118.2000   26.6000    3.4933
  115.7000   27.9000  118.2000   26.6000    3.5188
  116.6000   23.7000  118.2000   26.6000    3.4924
  118.0000   28.4000  118.2000   26.6000    3.5499
  117.4000   26.0000  118.2000   26.6000    3.5514
  119.0000   25.4000  118.2000   26.6000    3.5410
  118.4000   24.5000  118.2000   26.6000    3.5156
  116.1000   24.3000  118.2000   26.6000    3.5282
  117.1000   25.7000  118.2000   26.6000    3.4850
  116.6000   27.5000  118.2000   26.6000    3.5729
  119.6000   28.0000  118.2000   26.6000    3.4777
  118.5000   27.9000  118.2000   26.6000    3.4471
  115.8000   25.6000  118.2000   26.6000    3.4917
  117.6000   24.5000  118.2000   26.6000    3.5247
  116.2000   23.8000  118.2000   26.6000    3.5032
  118.2000   25.3000  118.2000   26.6000    3.6172
  117.2000   26.9000  118.2000   26.6000    3.6346
  116.3000   26.3000  118.2000   26.6000    3.6121
  119.5000   25.2000  118.2000   26.6000    3.5444
  119.8000   25.5000  118.2000   26.6000    3.5566
  119.1000   27.6000  118.2000   26.6000    3.4744
  116.6000   24.7000  118.2000   26.6000    3.5089
  116.2000   28.2000  118.2000   26.6000    3.5236
  115.8000   27.4000  118.6000   24.9000    3.5065
  119.6000   28.0000  118.6000   24.9000    3.5600
  116.6000   24.7000  118.6000   24.9000    3.5715
  116.1000   24.3000  118.6000   24.9000    3.5323
  119.1000   27.6000  118.6000   24.9000    3.5889
  117.4000   26.0000  118.6000   24.9000    3.5135
  118.1000   26.0000  118.6000   24.9000    3.4852
  116.6000   23.7000  118.6000   24.9000    3.6040
  116.3000   26.3000  118.6000   24.9000    3.5219
  115.7000   27.9000  118.6000   24.9000    3.5220
  115.8000   25.6000  118.6000   24.9000    3.4880
  117.2000   26.9000  118.6000   24.9000    3.5259
  116.2000   28.2000  118.6000   24.9000    3.5202
  118.0000   27.7000  118.6000   24.9000    3.5529
  118.9000   27.4000  118.6000   24.9000    3.6275
  116.6000   27.5000  118.6000   24.9000    3.5185
  117.1000   25.7000  118.6000   24.9000    3.5569
  118.0000   28.4000  118.6000   24.9000    3.5238
  116.2000   23.8000  118.6000   24.9000    3.5099
  117.5000   27.3000  118.6000   24.9000    3.5370
  117.6000   24.5000  118.6000   24.9000    3.6525
  118.2000   25.3000  118.6000   24.9000    3.6508
  115.6000   25.0000  118.6000   24.9000    3.5149
  116.5000   25.0000  118.6000   24.9000    3.5447
  119.5000   27.4000  118.6000   24.9000    3.5340
  118.0000   28.4000  119.5000   27.4000    3.4634
  118.2000   25.3000  119.5000   27.4000    3.5128
  118.4000   24.5000  119.5000   27.4000    3.5539
  116.6000   27.5000  119.5000   27.4000    3.5324
  115.7000   27.9000  119.5000   27.4000    3.6181
  116.2000   28.2000  119.5000   27.4000    3.5013
  116.2000   23.8000  119.5000   27.4000    3.5195
  117.4000   26.0000  119.5000   27.4000    3.5065
  116.3000   26.3000  119.5000   27.4000    3.5367
  116.1000   24.3000  119.5000   27.4000    3.5176
  118.0000   27.7000  119.5000   27.4000    3.5610
  117.2000   26.9000  119.5000   27.4000    3.5682
  118.1000   26.0000  119.5000   27.4000    3.5320
  116.6000   24.7000  119.5000   27.4000    3.5231
  119.1000   27.6000  119.5000   27.4000    3.4534
  117.1000   25.7000  119.5000   27.4000    3.5057
  116.6000   23.7000  119.5000   27.4000    3.5192
  115.6000   25.0000  119.5000   27.4000    3.4937
  115.8000   25.6000  119.5000   27.4000    3.4996
  118.4000   24.5000  116.3000   26.3000    3.5327
  115.6000   25.0000  116.3000   26.3000    3.4920
  119.1000   27.6000  116.3000   26.3000    3.4907
  118.0000   28.4000  116.3000   26.3000    3.5005
  119.6000   28.0000  116.3000   26.3000    3.4849
  115.8000   25.6000  117.5000   27.3000    3.5043
  118.2000   25.3000  117.5000   27.3000    3.5233
  118.1000   26.0000  117.5000   27.3000    3.4880
  116.3000   26.3000  117.5000   27.3000    3.4824
  119.6000   28.0000  117.5000   27.3000    3.5199
  116.2000   28.2000  117.5000   27.3000    3.5379
  118.0000   28.4000  117.5000   27.3000    3.4989
  117.1000   25.7000  117.5000   27.3000    3.4934
  115.7000   27.9000  117.5000   27.3000    3.4542
  117.6000   24.5000  117.5000   27.3000    3.5688
  116.6000   24.7000  117.5000   27.3000    3.4912
  116.1000   24.3000  117.5000   27.3000    3.4835
  119.1000   27.6000  117.5000   27.3000    3.5725
  117.4000   26.0000  117.5000   27.3000    3.5535
  118.4000   24.5000  117.5000   27.3000    3.5306
  115.6000   25.0000  117.5000   27.3000    3.5067
  118.0000   27.7000  117.5000   27.3000    3.6047
  116.6000   23.7000  117.5000   27.3000    3.5187
  115.8000   27.4000  117.5000   27.3000    3.4794
  116.6000   27.5000  117.5000   27.3000    3.4570
  116.2000   23.8000  117.5000   27.3000    3.5032
  119.5000   27.4000  116.4000   25.8000    3.4954
  117.2000   26.9000  116.4000   25.8000    3.4785
  118.7000   26.4000  116.4000   25.8000    3.5373
  118.0000   27.7000  116.4000   25.8000    3.5015
  115.7000   27.9000  116.4000   25.8000    3.5055
  115.8000   27.4000  116.4000   25.8000    3.5293
  118.4000   24.5000  116.4000   25.8000    3.5532
  117.4000   23.7000  116.4000   25.8000    3.4884
  117.5000   27.3000  116.4000   25.8000    3.4912
  118.2000   26.6000  116.4000   25.8000    3.4752
  120.3000   27.1000  116.4000   25.8000    3.5416
  116.2000   23.8000  116.4000   25.8000    3.5946
  116.6000   27.5000  116.4000   25.8000    3.5612
  119.0000   25.4000  116.4000   25.8000    3.4946
  118.0000   28.4000  116.4000   25.8000    3.4972
  119.1000   27.6000  116.4000   25.8000    3.4864
  116.1000   24.3000  116.4000   25.8000    3.5481
  118.6000   24.9000  116.4000   25.8000    3.4855
  116.6000   24.7000  116.4000   25.8000    3.5493
  116.2000   28.2000  116.4000   25.8000    3.5834
  117.3000   24.4000  116.4000   25.8000    3.4304
  117.5000   25.0000  116.4000   25.8000    3.5202
  115.6000   25.0000  116.4000   25.8000    3.5122
  118.1000   26.0000  116.4000   25.8000    3.5735
  118.9000   26.4000  116.4000   25.8000    3.5590
  119.6000   26.7000  116.4000   25.8000    3.5514
  118.9000   27.4000  116.4000   25.8000    3.4747
  119.4000   26.0000  116.4000   25.8000    3.5260
  118.2000   25.3000  116.4000   25.8000    3.4469
  116.6000   23.7000  116.4000   25.8000    3.5512
  117.4000   26.0000  116.4000   25.8000    3.5895
  119.3000   25.7000  116.4000   25.8000    3.4964
  119.6000   28.0000  116.4000   25.8000    3.4922
  119.5000   25.2000  116.4000   25.8000    3.5246
  118.5000   27.9000  116.4000   25.8000    3.5118
  117.2000   26.4000  116.4000   25.8000    3.5759
  119.1000   27.6000  119.6000   28.0000    3.6246
  115.8000   25.6000  115.7000   27.9000    3.5723
  118.0000   28.4000  115.7000   27.9000    3.5623
  115.6000   25.0000  115.7000   27.9000    3.5404
  119.6000   28.0000  115.7000   27.9000    3.4927
  116.6000   27.5000  115.7000   27.9000    3.6719
  119.1000   27.6000  115.7000   27.9000    3.4640
  118.4000   24.5000  115.7000   27.9000    3.5097
  116.3000   26.3000  115.7000   27.9000    3.4990
  115.7000   27.9000  116.6000   23.7000    3.5042
  118.0000   28.4000  116.6000   23.7000    3.4991
  115.6000   25.0000  116.6000   23.7000    3.4833
  115.8000   25.6000  116.6000   23.7000    3.4657
  119.6000   28.0000  116.6000   23.7000    3.5188
  116.3000   26.3000  116.6000   23.7000    3.5720
  119.1000   27.6000  116.6000   23.7000    3.5010
  116.6000   27.5000  116.6000   23.7000    3.6462
  118.4000   24.5000  116.6000   23.7000    3.5710
  116.1000   24.3000  117.2000   26.9000    3.4843
  115.7000   27.9000  117.2000   26.9000    3.5124
  118.0000   28.4000  117.2000   26.9000    3.4806
  116.6000   27.5000  117.2000   26.9000    3.4224
  116.3000   26.3000  117.2000   26.9000    3.5316
  118.9000   27.4000  117.2000   26.9000    3.5321
  117.1000   25.7000  117.2000   26.9000    3.5335
  116.6000   23.7000  117.2000   26.9000    3.5053
  116.2000   28.2000  117.2000   26.9000    3.4576
  118.0000   27.7000  117.2000   26.9000    3.4851
  118.2000   25.3000  117.2000   26.9000    3.4636
  117.4000   26.0000  117.2000   26.9000    3.6365
  118.1000   26.0000  117.2000   26.9000    3.4841
  119.1000   27.6000  117.2000   26.9000    3.5191
  115.8000   25.6000  117.2000   26.9000    3.4902
  116.6000   24.7000  117.2000   26.9000    3.4840
  115.8000   27.4000  117.2000   26.9000    3.5529
  116.2000   23.8000  117.2000   26.9000    3.5124
  119.6000   28.0000  117.2000   26.9000    3.4879
  115.6000   25.0000  117.2000   26.9000    3.5076
  118.4000   24.5000  117.2000   26.9000    3.5146
  118.7000   26.4000  117.4000   23.7000    3.5230
  117.2000   26.9000  117.4000   23.7000    3.5221
  116.6000   27.5000  117.4000   23.7000    3.5354
  116.2000   23.8000  117.4000   23.7000    3.5939
  116.2000   28.2000  117.4000   23.7000    3.5321
  118.1000   26.0000  117.4000   23.7000    3.5376
  119.3000   25.7000  117.4000   23.7000    3.5759
  117.5000   27.3000  117.4000   23.7000    3.5213
  119.4000   26.0000  117.4000   23.7000    3.5627
  120.3000   27.1000  117.4000   23.7000    3.5562
  117.2000   26.4000  117.4000   23.7000    3.5405
  117.5000   25.0000  117.4000   23.7000    3.6632
  116.3000   26.3000  117.4000   23.7000    3.5080
  116.1000   24.3000  117.4000   23.7000    3.6260
  116.6000   23.7000  117.4000   23.7000    3.5252
  117.4000   26.0000  117.4000   23.7000    3.5793
  118.6000   24.9000  117.4000   23.7000    3.5402
  116.6000   24.7000  117.4000   23.7000    3.5241
  119.0000   25.0000  117.4000   23.7000    3.5794
  115.8000   27.4000  117.4000   23.7000    3.5051
  115.7000   27.9000  117.4000   23.7000    3.5021
  119.5000   25.2000  117.4000   23.7000    3.5913
  119.6000   28.0000  117.4000   23.7000    3.5130
  118.4000   24.5000  117.4000   23.7000    3.5405
  118.9000   27.4000  117.4000   23.7000    3.5323
  118.2000   26.6000  117.4000   23.7000    3.5626
  119.0000   25.4000  117.4000   23.7000    3.5725
  119.6000   26.7000  117.4000   23.7000    3.5361
  115.8000   25.6000  117.4000   23.7000    3.5191
  118.5000   27.9000  117.4000   23.7000    3.5410
  119.9000   26.4000  117.4000   23.7000    3.5777
  119.1000   27.6000  117.4000   23.7000    3.5288
  119.8000   25.5000  117.4000   23.7000    3.5802
  118.0000   27.7000  117.4000   23.7000    3.5505
  117.1000   25.7000  117.4000   23.7000    3.5505
  116.5000   25.0000  117.4000   23.7000    3.5255
  115.6000   25.0000  117.4000   23.7000    3.5504
  118.2000   25.3000  117.4000   23.7000    3.5080
  119.5000   27.4000  117.4000   23.7000    3.5276
  118.9000   26.4000  117.4000   23.7000    3.5158
  119.1000   27.6000  115.8000   27.4000    3.5065
  119.6000   28.0000  115.8000   27.4000    3.4898
  115.6000   25.0000  115.8000   27.4000    3.5471
  118.0000   28.4000  115.8000   27.4000    3.4912
  116.3000   26.3000  115.8000   27.4000    3.4992
  118.4000   24.5000  115.8000   27.4000    3.5133
  119.0000   25.4000  118.5000   27.9000    3.5473
  115.8000   27.4000  118.5000   27.9000    3.5114
  117.1000   25.7000  118.5000   27.9000    3.4856
  115.8000   25.6000  118.5000   27.9000    3.5051
  116.6000   24.7000  118.5000   27.9000    3.4836
  116.2000   23.8000  118.5000   27.9000    3.4978
  118.0000   28.4000  118.5000   27.9000    3.4638
  116.3000   26.3000  118.5000   27.9000    3.4915
  116.1000   24.3000  118.5000   27.9000    3.4983
  116.6000   27.5000  118.5000   27.9000    3.5409
  119.5000   25.2000  118.5000   27.9000    3.5379
  118.4000   24.5000  118.5000   27.9000    3.5489
  118.9000   27.4000  118.5000   27.9000    3.6197
  119.1000   27.6000  118.5000   27.9000    3.5178
  119.5000   27.4000  118.5000   27.9000    3.5802
  118.1000   26.0000  118.5000   27.9000    3.5351
  118.6000   24.9000  118.5000   27.9000    3.5511
  116.6000   23.7000  118.5000   27.9000    3.5072
  117.5000   27.3000  118.5000   27.9000    3.5185
  117.2000   26.9000  118.5000   27.9000    3.4938
  117.3000   24.4000  118.5000   27.9000    3.5196
  119.6000   28.0000  118.5000   27.9000    3.4768
  115.6000   25.0000  118.5000   27.9000    3.5116
  117.6000   24.5000  118.5000   27.9000    3.5291
  119.8000   25.5000  118.5000   27.9000    3.5501
  116.2000   28.2000  118.5000   27.9000    3.5419
  118.2000   25.3000  118.5000   27.9000    3.5623
  115.8000   27.4000  119.9000   26.4000    3.5526
  119.0000   25.4000  119.9000   26.4000    3.5452
  116.5000   25.0000  119.9000   26.4000    3.5295
  117.2000   26.4000  119.9000   26.4000    3.5596
  118.0000   28.4000  119.9000   26.4000    3.4882
  116.6000   24.7000  119.9000   26.4000    3.5143
  119.1000   27.6000  119.9000   26.4000    3.5096
  115.8000   25.6000  119.9000   26.4000    3.5418
  116.6000   27.5000  119.9000   26.4000    3.5476
  116.1000   24.3000  119.9000   26.4000    3.5067
  115.6000   25.0000  119.9000   26.4000    3.5107
  119.6000   26.7000  119.9000   26.4000    3.6527
  116.2000   28.2000  119.9000   26.4000    3.5335
  116.6000   23.7000  119.9000   26.4000    3.5994
  117.6000   24.5000  119.9000   26.4000    3.5613
  119.5000   25.2000  119.9000   26.4000    3.5778
  118.0000   27.7000  119.9000   26.4000    3.5190
  118.2000   25.3000  119.9000   26.4000    3.5644
  117.5000   27.3000  119.9000   26.4000    3.5690
  117.2000   26.9000  119.9000   26.4000    3.5638
  119.5000   27.4000  119.9000   26.4000    3.5014
  116.2000   23.8000  119.9000   26.4000    3.5370
  116.3000   26.3000  119.9000   26.4000    3.5375
  117.3000   24.4000  119.9000   26.4000    3.5794
  118.5000   27.9000  119.9000   26.4000    3.5127
  118.6000   24.9000  119.9000   26.4000    3.5627
  118.4000   24.5000  119.9000   26.4000    3.5697
  117.1000   25.7000  119.9000   26.4000    3.5525
  117.4000   26.0000  119.9000   26.4000    3.5617
  118.2000   26.6000  119.9000   26.4000    3.5763
  118.9000   27.4000  119.9000   26.4000    3.4831
  119.6000   28.0000  119.9000   26.4000    3.6172
  118.1000   26.0000  119.9000   26.4000    3.5827
  115.7000   27.9000  119.9000   26.4000    3.5495
