   872    3.3863    0.0384       014
  115.8000   27.4000  116.2000   23.8000    3.3619
  115.6000   25.0000  116.2000   23.8000    3.3043
  119.6000   28.0000  116.2000   23.8000    3.3688
  116.6000   27.5000  116.2000   23.8000    3.3765
  119.1000   27.6000  116.2000   23.8000    3.3685
  116.3000   26.3000  116.2000   23.8000    3.3997
  115.7000   27.9000  116.2000   23.8000    3.3631
  118.0000   28.4000  116.2000   23.8000    3.3491
  115.8000   25.6000  116.2000   23.8000    3.3396
  116.2000   28.2000  116.2000   23.8000    3.3730
  118.4000   24.5000  116.2000   23.8000    3.3907
  117.6000   24.5000  116.6000   24.7000    3.4770
  116.3000   26.3000  116.6000   24.7000    3.3866
  115.8000   27.4000  116.6000   24.7000    3.3808
  115.8000   25.6000  116.6000   24.7000    3.3340
  116.1000   24.3000  116.6000   24.7000    3.3047
  116.2000   28.2000  116.6000   24.7000    3.3795
  118.9000   27.4000  116.6000   24.7000    3.3983
  118.1000   26.0000  116.6000   24.7000    3.3633
  119.6000   28.0000  116.6000   24.7000    3.3838
  116.6000   23.7000  116.6000   24.7000    3.4578
  119.1000   27.6000  116.6000   24.7000    3.4021
  118.0000   28.4000  116.6000   24.7000    3.3434
  116.2000   23.8000  116.6000   24.7000    3.3290
  115.6000   25.0000  116.6000   24.7000    3.4060
  118.4000   24.5000  116.6000   24.7000    3.4027
  115.7000   27.9000  116.6000   24.7000    3.3561
  116.5000   25.0000  118.9000   26.4000    3.3437
  115.8000   27.4000  118.9000   26.4000    3.3737
  116.6000   23.7000  118.9000   26.4000    3.3914
  115.6000   25.0000  118.9000   26.4000    3.3602
  118.6000   24.9000  118.9000   26.4000    3.3948
  118.1000   26.0000  118.9000   26.4000    3.4629
  117.2000   26.9000  118.9000   26.4000    3.3328
  117.4000   26.0000  118.9000   26.4000    3.4343
  119.8000   25.5000  118.9000   26.4000    3.4723
  116.6000   27.5000  118.9000   26.4000    3.3811
  116.2000   28.2000  118.9000   26.4000    3.4047
  119.5000   27.4000  118.9000   26.4000    3.4328
  117.3000   24.4000  118.9000   26.4000    3.3820
  115.7000   27.9000  118.9000   26.4000    3.3844
  116.2000   23.8000  118.9000   26.4000    3.3948
  118.0000   28.4000  118.9000   26.4000    3.3715
  118.5000   27.9000  118.9000   26.4000    3.4213
  119.6000   26.7000  118.9000   26.4000    3.3679
  119.1000   27.6000  118.9000   26.4000    3.3589
  118.9000   27.4000  118.9000   26.4000    3.4732
  117.1000   25.7000  118.9000   26.4000    3.3693
  118.2000   25.3000  118.9000   26.4000    3.4017
  117.5000   27.3000  118.9000   26.4000    3.3850
  116.1000   24.3000  118.9000   26.4000    3.3500
  117.2000   26.4000  118.9000   26.4000    3.4351
  118.0000   27.7000  118.9000   26.4000    3.3832
  119.5000   25.2000  118.9000   26.4000    3.4070
  119.6000   28.0000  118.9000   26.4000    3.3626
  118.4000   24.5000  118.9000   26.4000    3.4311
  115.8000   25.6000  118.9000   26.4000    3.4213
  117.6000   24.5000  118.9000   26.4000    3.3937
  116.3000   26.3000  118.9000   26.4000    3.3723
  116.6000   24.7000  118.9000   26.4000    3.3496
  115.6000   25.0000  119.8000   25.5000    3.3913
  119.5000   27.4000  119.8000   25.5000    3.4577
  118.0000   27.7000  119.8000   25.5000    3.4113
  116.3000   26.3000  119.8000   25.5000    3.3904
  117.2000   26.9000  119.8000   25.5000    3.4404
  119.1000   27.6000  119.8000   25.5000    3.4372
  117.6000   24.5000  119.8000   25.5000    3.4612
  116.6000   24.7000  119.8000   25.5000    3.4209
  117.4000   26.0000  119.8000   25.5000    3.4082
  118.1000   26.0000  119.8000   25.5000    3.4404
  115.7000   27.9000  119.8000   25.5000    3.3900
  116.6000   27.5000  119.8000   25.5000    3.3992
  117.1000   25.7000  119.8000   25.5000    3.3931
  116.1000   24.3000  119.8000   25.5000    3.4100
  118.4000   24.5000  119.8000   25.5000    3.4659
  118.0000   28.4000  119.8000   25.5000    3.3981
  118.2000   25.3000  119.8000   25.5000    3.3998
  116.6000   23.7000  119.8000   25.5000    3.4459
  118.9000   27.4000  119.8000   25.5000    3.4172
  116.5000   25.0000  119.8000   25.5000    3.3977
  119.6000   28.0000  119.8000   25.5000    3.4165
  116.2000   28.2000  119.8000   25.5000    3.4024
  116.2000   23.8000  119.8000   25.5000    3.4058
  117.5000   27.3000  119.8000   25.5000    3.3836
  116.1000   24.3000  118.2000   25.3000    3.3566
  116.6000   27.5000  118.2000   25.3000    3.3579
  116.6000   23.7000  118.2000   25.3000    3.4101
  116.6000   24.7000  118.2000   25.3000    3.3485
  118.0000   28.4000  118.2000   25.3000    3.3747
  119.1000   27.6000  118.2000   25.3000    3.3704
  115.8000   25.6000  118.2000   25.3000    3.3846
  115.7000   27.9000  118.2000   25.3000    3.3629
  116.2000   28.2000  118.2000   25.3000    3.3735
  117.6000   24.5000  118.2000   25.3000    3.4080
  118.9000   27.4000  118.2000   25.3000    3.3722
  118.1000   26.0000  118.2000   25.3000    3.4445
  116.2000   23.8000  118.2000   25.3000    3.3757
  116.3000   26.3000  118.2000   25.3000    3.3569
  115.8000   27.4000  118.2000   25.3000    3.3858
  119.6000   28.0000  115.6000   25.0000    3.3522
  118.4000   24.5000  115.6000   25.0000    3.3691
  119.1000   27.6000  115.6000   25.0000    3.3537
  119.1000   27.6000  118.4000   24.5000    3.4330
  119.6000   28.0000  118.4000   24.5000    3.4196
  119.9000   26.2000  118.4000   24.5000    3.4395
  118.2000   25.3000  117.3000   24.4000    3.3585
  116.1000   24.3000  117.3000   24.4000    3.4095
  119.1000   27.6000  117.3000   24.4000    3.3461
  119.0000   25.4000  117.3000   24.4000    3.4259
  118.0000   28.4000  117.3000   24.4000    3.3624
  115.7000   27.9000  117.3000   24.4000    3.3422
  118.4000   24.5000  117.3000   24.4000    3.3796
  118.0000   27.7000  117.3000   24.4000    3.3720
  116.2000   23.8000  117.3000   24.4000    3.3853
  117.5000   27.3000  117.3000   24.4000    3.4016
  117.4000   26.0000  117.3000   24.4000    3.4134
  116.3000   26.3000  117.3000   24.4000    3.3083
  118.6000   24.9000  117.3000   24.4000    3.4295
  116.6000   27.5000  117.3000   24.4000    3.3525
  116.6000   23.7000  117.3000   24.4000    3.3697
  116.2000   28.2000  117.3000   24.4000    3.3530
  116.5000   25.0000  117.3000   24.4000    3.4262
  117.2000   26.9000  117.3000   24.4000    3.4063
  118.9000   27.4000  117.3000   24.4000    3.3406
  115.8000   27.4000  117.3000   24.4000    3.3492
  119.8000   25.5000  117.3000   24.4000    3.4316
  119.5000   27.4000  117.3000   24.4000    3.3957
  115.6000   25.0000  117.3000   24.4000    3.3468
  117.1000   25.7000  117.3000   24.4000    3.4114
  119.6000   28.0000  117.3000   24.4000    3.3504
  115.8000   25.6000  117.3000   24.4000    3.4053
  119.5000   25.2000  117.3000   24.4000    3.3838
  115.6000   25.0000  116.6000   27.5000    3.3306
  116.3000   26.3000  116.6000   27.5000    3.3614
  119.1000   27.6000  116.6000   27.5000    3.3013
  118.0000   28.4000  116.6000   27.5000    3.3284
  118.4000   24.5000  116.6000   27.5000    3.3627
  118.0000   28.4000  118.1000   26.0000    3.3518
  118.9000   27.4000  118.1000   26.0000    3.4108
  116.6000   23.7000  118.1000   26.0000    3.3519
  115.8000   27.4000  118.1000   26.0000    3.3810
  115.7000   27.9000  118.1000   26.0000    3.3593
  116.3000   26.3000  118.1000   26.0000    3.3230
  116.2000   23.8000  118.1000   26.0000    3.3792
  116.1000   24.3000  118.1000   26.0000    3.3617
  116.2000   28.2000  118.1000   26.0000    3.3607
  117.6000   24.5000  118.1000   26.0000    3.3607
  115.8000   25.6000  118.1000   26.0000    3.4020
  116.6000   27.5000  118.1000   26.0000    3.3531
  118.4000   24.5000  118.1000   26.0000    3.4120
  119.6000   28.0000  118.1000   26.0000    3.4027
  115.6000   25.0000  118.1000   26.0000    3.3348
  119.1000   27.6000  118.1000   26.0000    3.4117
  116.1000   24.3000  119.5000   25.2000    3.4053
  116.5000   25.0000  119.5000   25.2000    3.3887
  117.5000   27.3000  119.5000   25.2000    3.3925
  118.9000   27.4000  119.5000   25.2000    3.4573
  118.4000   24.5000  119.5000   25.2000    3.4444
  118.1000   26.0000  119.5000   25.2000    3.4752
  117.4000   26.0000  119.5000   25.2000    3.4210
  119.5000   27.4000  119.5000   25.2000    3.4428
  116.6000   24.7000  119.5000   25.2000    3.4161
  116.6000   27.5000  119.5000   25.2000    3.4231
  115.6000   25.0000  119.5000   25.2000    3.3676
  119.1000   27.6000  119.5000   25.2000    3.4497
  119.6000   28.0000  119.5000   25.2000    3.4076
  116.2000   28.2000  119.5000   25.2000    3.3901
  118.0000   27.7000  119.5000   25.2000    3.3830
  117.2000   26.9000  119.5000   25.2000    3.4126
  115.8000   27.4000  119.5000   25.2000    3.3805
  118.0000   28.4000  119.5000   25.2000    3.4044
  117.6000   24.5000  119.5000   25.2000    3.4592
  116.3000   26.3000  119.5000   25.2000    3.3673
  116.6000   23.7000  119.5000   25.2000    3.4163
  115.8000   25.6000  119.5000   25.2000    3.3680
  117.1000   25.7000  119.5000   25.2000    3.3703
  117.4000   26.0000  119.4000   26.0000    3.3336
  116.3000   26.3000  119.4000   26.0000    3.3671
  115.8000   27.4000  119.4000   26.0000    3.3845
  116.6000   27.5000  119.4000   26.0000    3.3990
  117.5000   27.3000  119.4000   26.0000    3.4066
  119.0000   25.4000  119.4000   26.0000    3.3781
  118.1000   26.0000  119.4000   26.0000    3.4456
  117.3000   24.4000  119.4000   26.0000    3.4185
  115.7000   27.9000  119.4000   26.0000    3.3933
  117.2000   26.9000  119.4000   26.0000    3.3984
  115.8000   25.6000  119.4000   26.0000    3.3829
  116.1000   24.3000  119.4000   26.0000    3.3666
  119.1000   27.6000  119.4000   26.0000    3.4798
  117.6000   24.5000  119.4000   26.0000    3.4047
  118.0000   28.4000  119.4000   26.0000    3.3644
  119.6000   28.0000  119.4000   26.0000    3.4268
  116.6000   23.7000  119.4000   26.0000    3.4343
  117.2000   26.4000  119.4000   26.0000    3.4041
  116.2000   28.2000  119.4000   26.0000    3.3931
  118.6000   24.9000  119.4000   26.0000    3.4126
  119.9000   26.4000  119.4000   26.0000    3.4870
  118.7000   26.4000  119.4000   26.0000    3.4719
  116.6000   24.7000  119.4000   26.0000    3.3687
  118.9000   26.4000  119.4000   26.0000    3.3515
  118.2000   25.3000  119.4000   26.0000    3.4002
  117.5000   25.0000  119.4000   26.0000    3.3777
  116.5000   25.0000  119.4000   26.0000    3.3796
  119.0000   25.0000  119.4000   26.0000    3.4242
  118.0000   27.7000  119.4000   26.0000    3.3846
  118.2000   26.6000  119.4000   26.0000    3.3802
  119.5000   27.4000  119.4000   26.0000    3.4403
  118.5000   27.9000  119.4000   26.0000    3.3977
  118.9000   27.4000  119.4000   26.0000    3.3705
  116.2000   23.8000  119.4000   26.0000    3.3804
  118.4000   24.5000  119.4000   26.0000    3.4242
  115.6000   25.0000  119.4000   26.0000    3.3786
  117.1000   25.7000  119.4000   26.0000    3.4213
  115.7000   27.9000  119.6000   26.7000    3.3922
  118.0000   28.4000  119.6000   26.7000    3.3612
  116.2000   23.8000  119.6000   26.7000    3.3950
  117.1000   25.7000  119.6000   26.7000    3.3892
  118.0000   27.7000  119.6000   26.7000    3.3610
  117.6000   24.5000  119.6000   26.7000    3.3984
  118.5000   27.9000  119.6000   26.7000    3.3708
  117.2000   26.9000  119.6000   26.7000    3.4447
  117.3000   24.4000  119.6000   26.7000    3.4078
  116.6000   23.7000  119.6000   26.7000    3.4127
  116.6000   27.5000  119.6000   26.7000    3.3902
  116.2000   28.2000  119.6000   26.7000    3.3741
  116.3000   26.3000  119.6000   26.7000    3.3693
  116.1000   24.3000  119.6000   26.7000    3.3644
  115.8000   25.6000  119.6000   26.7000    3.4098
  119.6000   28.0000  119.6000   26.7000    3.4269
  118.1000   26.0000  119.6000   26.7000    3.3765
  118.4000   24.5000  119.6000   26.7000    3.4215
  118.6000   24.9000  119.6000   26.7000    3.4085
  117.4000   26.0000  119.6000   26.7000    3.4236
  119.1000   27.6000  119.6000   26.7000    3.3145
  119.0000   25.4000  119.6000   26.7000    3.4096
  119.8000   25.5000  119.6000   26.7000    3.4738
  118.2000   25.3000  119.6000   26.7000    3.4056
  118.9000   27.4000  119.6000   26.7000    3.4035
  116.6000   24.7000  119.6000   26.7000    3.3584
  115.6000   25.0000  119.6000   26.7000    3.3735
  117.5000   27.3000  119.6000   26.7000    3.3900
  116.5000   25.0000  119.6000   26.7000    3.3529
  118.0000   27.7000  119.0000   25.0000    3.4333
  118.6000   24.9000  119.0000   25.0000    3.4295
  116.2000   23.8000  119.0000   25.0000    3.3927
  117.5000   27.3000  119.0000   25.0000    3.4091
  118.5000   27.9000  119.0000   25.0000    3.4221
  116.6000   24.7000  119.0000   25.0000    3.4120
  115.6000   25.0000  119.0000   25.0000    3.3690
  117.6000   24.5000  119.0000   25.0000    3.4569
  115.7000   27.9000  119.0000   25.0000    3.3831
  117.3000   24.4000  119.0000   25.0000    3.4035
  116.5000   25.0000  119.0000   25.0000    3.3864
  117.4000   26.0000  119.0000   25.0000    3.4334
  118.9000   27.4000  119.0000   25.0000    3.3997
  119.5000   27.4000  119.0000   25.0000    3.4493
  118.2000   26.6000  119.0000   25.0000    3.4199
  115.8000   27.4000  119.0000   25.0000    3.3693
  118.1000   26.0000  119.0000   25.0000    3.3987
  116.6000   23.7000  119.0000   25.0000    3.4416
  115.8000   25.6000  119.0000   25.0000    3.3658
  116.2000   28.2000  119.0000   25.0000    3.3713
  116.6000   27.5000  119.0000   25.0000    3.3729
  119.6000   28.0000  119.0000   25.0000    3.4446
  119.9000   26.4000  119.0000   25.0000    3.4230
  119.5000   25.2000  119.0000   25.0000    3.4572
  117.1000   25.7000  119.0000   25.0000    3.3799
  117.2000   26.4000  119.0000   25.0000    3.4006
  119.6000   26.7000  119.0000   25.0000    3.4311
  116.1000   24.3000  119.0000   25.0000    3.3974
  116.3000   26.3000  119.0000   25.0000    3.3870
  118.4000   24.5000  119.0000   25.0000    3.4375
  119.1000   27.6000  119.0000   25.0000    3.4241
  118.0000   28.4000  119.0000   25.0000    3.4268
  117.2000   26.9000  119.0000   25.0000    3.3863
  117.5000   27.3000  116.5000   25.0000    3.3328
  118.1000   26.0000  116.5000   25.0000    3.3136
  118.2000   25.3000  116.5000   25.0000    3.3979
  116.2000   23.8000  116.5000   25.0000    3.3562
  116.3000   26.3000  116.5000   25.0000    3.4708
  115.8000   27.4000  116.5000   25.0000    3.3868
  118.4000   24.5000  116.5000   25.0000    3.3321
  119.1000   27.6000  116.5000   25.0000    3.3757
  119.6000   28.0000  116.5000   25.0000    3.3602
  119.5000   27.4000  116.5000   25.0000    3.3566
  117.4000   26.0000  116.5000   25.0000    3.3240
  117.1000   25.7000  116.5000   25.0000    3.3316
  115.7000   27.9000  116.5000   25.0000    3.3541
  116.1000   24.3000  116.5000   25.0000    3.4012
  115.8000   25.6000  116.5000   25.0000    3.4177
  115.6000   25.0000  116.5000   25.0000    3.4313
  118.9000   27.4000  116.5000   25.0000    3.3909
  118.0000   28.4000  118.9000   27.4000    3.3059
  115.8000   25.6000  118.9000   27.4000    3.3447
  115.8000   27.4000  118.9000   27.4000    3.3672
  116.3000   26.3000  118.9000   27.4000    3.3696
  116.1000   24.3000  118.9000   27.4000    3.3995
  119.1000   27.6000  118.9000   27.4000    3.3516
  116.6000   23.7000  118.9000   27.4000    3.3559
  117.6000   24.5000  118.9000   27.4000    3.3672
  118.4000   24.5000  118.9000   27.4000    3.4461
  115.6000   25.0000  118.9000   27.4000    3.3471
  116.2000   23.8000  118.9000   27.4000    3.3749
  116.6000   27.5000  118.9000   27.4000    3.3899
  116.6000   27.5000  117.6000   24.5000    3.3427
  119.1000   27.6000  117.6000   24.5000    3.3680
  115.6000   25.0000  117.6000   24.5000    3.3592
  115.8000   25.6000  117.6000   24.5000    3.4337
  115.8000   27.4000  117.6000   24.5000    3.3407
  116.6000   23.7000  117.6000   24.5000    3.4071
  119.6000   28.0000  117.6000   24.5000    3.3773
  115.7000   27.9000  117.6000   24.5000    3.3431
  116.3000   26.3000  117.6000   24.5000    3.3244
  116.1000   24.3000  117.6000   24.5000    3.3912
  118.0000   28.4000  117.6000   24.5000    3.3792
  118.2000   25.3000  117.4000   26.0000    3.3556
  116.1000   24.3000  117.4000   26.0000    3.3527
  116.2000   28.2000  117.4000   26.0000    3.3542
  117.6000   24.5000  117.4000   26.0000    3.3662
  116.6000   27.5000  117.4000   26.0000    3.3335
  116.2000   23.8000  117.4000   26.0000    3.3185
  116.6000   23.7000  117.4000   26.0000    3.3522
  116.6000   24.7000  117.4000   26.0000    3.3303
  115.8000   25.6000  117.4000   26.0000    3.4003
  119.6000   28.0000  117.4000   26.0000    3.3755
  118.1000   26.0000  117.4000   26.0000    3.3892
  118.4000   24.5000  117.4000   26.0000    3.3682
  118.9000   27.4000  117.4000   26.0000    3.3980
  115.6000   25.0000  117.4000   26.0000    3.2936
  116.3000   26.3000  117.4000   26.0000    3.3019
  119.1000   27.6000  117.4000   26.0000    3.4038
  115.7000   27.9000  117.4000   26.0000    3.3688
  118.0000   28.4000  117.4000   26.0000    3.3906
  115.8000   27.4000  117.4000   26.0000    3.3408
  116.3000   26.3000  118.7000   26.4000    3.3486
  115.8000   25.6000  118.7000   26.4000    3.4185
  116.6000   23.7000  118.7000   26.4000    3.3820
  119.5000   27.4000  118.7000   26.4000    3.4552
  118.2000   25.3000  118.7000   26.4000    3.4148
  119.8000   25.5000  118.7000   26.4000    3.4155
  118.4000   24.5000  118.7000   26.4000    3.4206
  118.9000   27.4000  118.7000   26.4000    3.3828
  117.2000   26.9000  118.7000   26.4000    3.3863
  115.7000   27.9000  118.7000   26.4000    3.3767
  119.5000   25.2000  118.7000   26.4000    3.3829
  119.9000   26.4000  118.7000   26.4000    3.4688
  117.4000   26.0000  118.7000   26.4000    3.4016
  118.5000   27.9000  118.7000   26.4000    3.4430
  117.5000   27.3000  118.7000   26.4000    3.4185
  117.5000   25.0000  118.7000   26.4000    3.3717
  115.6000   25.0000  118.7000   26.4000    3.3489
  115.8000   27.4000  118.7000   26.4000    3.3941
  119.1000   27.6000  118.7000   26.4000    3.3285
  118.6000   24.9000  118.7000   26.4000    3.4040
  117.2000   26.4000  118.7000   26.4000    3.4335
  116.6000   27.5000  118.7000   26.4000    3.3893
  116.2000   23.8000  118.7000   26.4000    3.3755
  116.6000   24.7000  118.7000   26.4000    3.3410
  118.1000   26.0000  118.7000   26.4000    3.4160
  118.0000   27.7000  118.7000   26.4000    3.4095
  119.6000   28.0000  118.7000   26.4000    3.4165
  116.5000   25.0000  118.7000   26.4000    3.3257
  116.2000   28.2000  118.7000   26.4000    3.4060
  118.0000   28.4000  118.7000   26.4000    3.3917
  117.1000   25.7000  118.7000   26.4000    3.3437
  117.3000   24.4000  118.7000   26.4000    3.3773
  116.3000   26.3000  117.1000   25.7000    3.4560
  115.7000   27.9000  117.1000   25.7000    3.3358
  118.1000   26.0000  117.1000   25.7000    3.3490
  118.4000   24.5000  117.1000   25.7000    3.3790
  115.6000   25.0000  117.1000   25.7000    3.3016
  116.6000   27.5000  117.1000   25.7000    3.2990
  118.9000   27.4000  117.1000   25.7000    3.3979
  119.1000   27.6000  117.1000   25.7000    3.4027
  116.1000   24.3000  117.1000   25.7000    3.3509
  116.2000   23.8000  117.1000   25.7000    3.3255
  116.2000   28.2000  117.1000   25.7000    3.3208
  116.6000   24.7000  117.1000   25.7000    3.3323
  115.8000   27.4000  117.1000   25.7000    3.3382
  119.6000   28.0000  117.1000   25.7000    3.3763
  115.8000   25.6000  117.1000   25.7000    3.4820
  117.6000   24.5000  117.1000   25.7000    3.2957
  116.6000   23.7000  117.1000   25.7000    3.3617
  118.2000   25.3000  117.1000   25.7000    3.4023
  115.6000   25.0000  118.0000   28.4000    3.3651
  118.4000   24.5000  118.0000   28.4000    3.3732
  119.1000   27.6000  118.0000   28.4000    3.3416
  118.1000   26.0000  118.0000   27.7000    3.4408
  118.9000   27.4000  118.0000   27.7000    3.3245
  119.6000   28.0000  118.0000   27.7000    3.4146
  118.2000   25.3000  118.0000   27.7000    3.3798
  116.6000   23.7000  118.0000   27.7000    3.3546
  115.8000   27.4000  118.0000   27.7000    3.3825
  116.1000   24.3000  118.0000   27.7000    3.3437
  115.8000   25.6000  118.0000   27.7000    3.3828
  116.2000   23.8000  118.0000   27.7000    3.3419
  116.2000   28.2000  118.0000   27.7000    3.3262
  116.6000   24.7000  118.0000   27.7000    3.3302
  116.3000   26.3000  118.0000   27.7000    3.3782
  117.6000   24.5000  118.0000   27.7000    3.4058
  118.4000   24.5000  118.0000   27.7000    3.3903
  117.4000   26.0000  118.0000   27.7000    3.3434
  118.0000   28.4000  118.0000   27.7000    3.4111
  116.6000   27.5000  118.0000   27.7000    3.4821
  117.1000   25.7000  118.0000   27.7000    3.3181
  116.6000   27.5000  117.2000   26.4000    3.3051
  118.4000   24.5000  117.2000   26.4000    3.3706
  117.1000   25.7000  117.2000   26.4000    3.4190
  117.4000   26.0000  117.2000   26.4000    3.3712
  118.9000   27.4000  117.2000   26.4000    3.3220
  119.0000   25.4000  117.2000   26.4000    3.4387
  118.6000   24.9000  117.2000   26.4000    3.3904
  118.5000   27.9000  117.2000   26.4000    3.4025
  119.1000   27.6000  117.2000   26.4000    3.3288
  116.1000   24.3000  117.2000   26.4000    3.2999
  117.6000   24.5000  117.2000   26.4000    3.3393
  117.5000   27.3000  117.2000   26.4000    3.4439
  116.3000   26.3000  117.2000   26.4000    3.4651
  116.6000   23.7000  117.2000   26.4000    3.3461
  116.2000   28.2000  117.2000   26.4000    3.3401
  119.5000   25.2000  117.2000   26.4000    3.3757
  118.0000   27.7000  117.2000   26.4000    3.3441
  119.6000   28.0000  117.2000   26.4000    3.3365
  117.2000   26.9000  117.2000   26.4000    3.4799
  115.7000   27.9000  117.2000   26.4000    3.3584
  119.5000   27.4000  117.2000   26.4000    3.3455
  118.2000   25.3000  117.2000   26.4000    3.3050
  118.1000   26.0000  117.2000   26.4000    3.3463
  116.2000   23.8000  117.2000   26.4000    3.3280
  117.3000   24.4000  117.2000   26.4000    3.4033
  119.8000   25.5000  117.2000   26.4000    3.4069
  118.0000   28.4000  117.2000   26.4000    3.3189
  118.2000   26.6000  117.2000   26.4000    3.3900
  115.6000   25.0000  117.2000   26.4000    3.3524
  115.8000   25.6000  117.2000   26.4000    3.3068
  115.8000   27.4000  117.2000   26.4000    3.3815
  116.5000   25.0000  117.2000   26.4000    3.3475
  116.3000   26.3000  119.3000   25.7000    3.3591
  119.5000   27.4000  119.3000   25.7000    3.4545
  117.1000   25.7000  119.3000   25.7000    3.3556
  118.4000   24.5000  119.3000   25.7000    3.4217
  115.7000   27.9000  119.3000   25.7000    3.3716
  117.3000   24.4000  119.3000   25.7000    3.4293
  118.0000   27.7000  119.3000   25.7000    3.3748
  116.2000   28.2000  119.3000   25.7000    3.3990
  118.1000   26.0000  119.3000   25.7000    3.3643
  116.5000   25.0000  119.3000   25.7000    3.3946
  115.6000   25.0000  119.3000   25.7000    3.3751
  116.2000   23.8000  119.3000   25.7000    3.3878
  117.4000   26.0000  119.3000   25.7000    3.3819
  118.2000   26.6000  119.3000   25.7000    3.4588
  115.8000   25.6000  119.3000   25.7000    3.3569
  119.1000   27.6000  119.3000   25.7000    3.4392
  119.9000   26.4000  119.3000   25.7000    3.4041
  117.5000   25.0000  119.3000   25.7000    3.3873
  118.6000   24.9000  119.3000   25.7000    3.3965
  119.0000   25.4000  119.3000   25.7000    3.4049
  118.9000   27.4000  119.3000   25.7000    3.3817
  117.5000   27.3000  119.3000   25.7000    3.3958
  119.6000   28.0000  119.3000   25.7000    3.4274
  117.6000   24.5000  119.3000   25.7000    3.4160
  118.7000   26.4000  119.3000   25.7000    3.3831
  116.6000   23.7000  119.3000   25.7000    3.4480
  116.6000   24.7000  119.3000   25.7000    3.3891
  118.0000   28.4000  119.3000   25.7000    3.3815
  117.2000   26.4000  119.3000   25.7000    3.3855
  117.2000   26.9000  119.3000   25.7000    3.4142
  116.1000   24.3000  119.3000   25.7000    3.3715
  119.6000   26.7000  119.3000   25.7000    3.4321
  118.5000   27.9000  119.3000   25.7000    3.4216
  118.2000   25.3000  119.3000   25.7000    3.4813
  119.0000   25.0000  119.3000   25.7000    3.4186
  118.9000   26.4000  119.3000   25.7000    3.3095
  115.8000   27.4000  119.3000   25.7000    3.4122
  119.0000   25.4000  117.5000   25.0000    3.3719
  118.9000   26.4000  117.5000   25.0000    3.3856
  115.7000   27.9000  117.5000   25.0000    3.3396
  116.3000   26.3000  117.5000   25.0000    3.3320
  117.4000   26.0000  117.5000   25.0000    3.3964
  119.6000   26.7000  117.5000   25.0000    3.4027
  118.2000   26.6000  117.5000   25.0000    3.2977
  117.5000   27.3000  117.5000   25.0000    3.3963
  119.5000   25.2000  117.5000   25.0000    3.4569
  115.8000   27.4000  117.5000   25.0000    3.3396
  116.6000   24.7000  117.5000   25.0000    3.3590
  116.6000   27.5000  117.5000   25.0000    3.3406
  115.6000   25.0000  117.5000   25.0000    3.3086
  119.8000   25.5000  117.5000   25.0000    3.4322
  119.1000   27.6000  117.5000   25.0000    3.3290
  118.9000   27.4000  117.5000   25.0000    3.3199
  119.5000   27.4000  117.5000   25.0000    3.4015
  116.1000   24.3000  117.5000   25.0000    3.3153
  116.2000   23.8000  117.5000   25.0000    3.3874
  117.2000   26.4000  117.5000   25.0000    3.3489
  116.5000   25.0000  117.5000   25.0000    3.3495
  118.0000   28.4000  117.5000   25.0000    3.3802
  118.6000   24.9000  117.5000   25.0000    3.4546
  118.5000   27.9000  117.5000   25.0000    3.3550
  118.0000   27.7000  117.5000   25.0000    3.3960
  117.2000   26.9000  117.5000   25.0000    3.3175
  118.4000   24.5000  117.5000   25.0000    3.4871
  118.1000   26.0000  117.5000   25.0000    3.3981
  116.6000   23.7000  117.5000   25.0000    3.3567
  118.2000   25.3000  117.5000   25.0000    3.4573
  119.9000   26.4000  117.5000   25.0000    3.3880
  116.2000   28.2000  117.5000   25.0000    3.3403
  115.8000   27.4000  116.2000   28.2000    3.3722
  119.6000   28.0000  116.2000   28.2000    3.3450
  118.4000   24.5000  116.2000   28.2000    3.3650
  116.3000   26.3000  116.2000   28.2000    3.4508
  118.0000   28.4000  116.2000   28.2000    3.4419
  116.6000   27.5000  116.2000   28.2000    3.3164
  115.6000   25.0000  116.2000   28.2000    3.3565
  118.0000   27.7000  120.3000   27.1000    3.3617
  119.0000   25.4000  120.3000   27.1000    3.4239
  116.2000   28.2000  120.3000   27.1000    3.3661
  118.1000   26.0000  120.3000   27.1000    3.3766
  118.7000   26.4000  120.3000   27.1000    3.4233
  117.6000   24.5000  120.3000   27.1000    3.4125
  119.6000   26.7000  120.3000   27.1000    3.4253
  116.6000   27.5000  120.3000   27.1000    3.3773
  117.1000   25.7000  120.3000   27.1000    3.3854
  118.9000   26.4000  120.3000   27.1000    3.4057
  116.3000   26.3000  120.3000   27.1000    3.4135
  118.6000   24.9000  120.3000   27.1000    3.4298
  117.4000   26.0000  120.3000   27.1000    3.4101
  119.4000   26.0000  120.3000   27.1000    3.4111
  119.1000   27.6000  120.3000   27.1000    3.4769
  119.8000   25.5000  120.3000   27.1000    3.4696
  118.2000   26.6000  120.3000   27.1000    3.4434
  118.0000   28.4000  120.3000   27.1000    3.3916
  117.5000   27.3000  120.3000   27.1000    3.4351
  115.8000   25.6000  120.3000   27.1000    3.4056
  119.5000   25.2000  120.3000   27.1000    3.4423
  116.1000   24.3000  120.3000   27.1000    3.3755
  116.5000   25.0000  120.3000   27.1000    3.3786
  115.6000   25.0000  120.3000   27.1000    3.3795
  118.5000   27.9000  120.3000   27.1000    3.4664
  118.4000   24.5000  120.3000   27.1000    3.4256
  117.2000   26.9000  120.3000   27.1000    3.3971
  116.2000   23.8000  120.3000   27.1000    3.3977
  117.3000   24.4000  120.3000   27.1000    3.4257
  118.9000   27.4000  120.3000   27.1000    3.3227
  117.5000   25.0000  120.3000   27.1000    3.4094
  119.3000   25.7000  120.3000   27.1000    3.4159
  119.9000   26.4000  120.3000   27.1000    3.4338
  116.6000   24.7000  120.3000   27.1000    3.3718
  116.6000   23.7000  120.3000   27.1000    3.4254
  119.0000   25.0000  120.3000   27.1000    3.4129
  119.6000   28.0000  120.3000   27.1000    3.3503
  115.6000   25.0000  115.8000   25.6000    3.4391
  119.6000   28.0000  115.8000   25.6000    3.3499
  118.4000   24.5000  115.8000   25.6000    3.3332
  116.2000   28.2000  115.8000   25.6000    3.3789
  116.6000   27.5000  115.8000   25.6000    3.3338
  118.0000   28.4000  115.8000   25.6000    3.3689
  119.1000   27.6000  115.8000   25.6000    3.3427
  115.8000   27.4000  115.8000   25.6000    3.3652
  116.2000   28.2000  116.1000   24.3000    3.3856
  118.4000   24.5000  116.1000   24.3000    3.4215
  118.0000   28.4000  116.1000   24.3000    3.3484
  119.1000   27.6000  116.1000   24.3000    3.3950
  115.8000   27.4000  116.1000   24.3000    3.3794
  116.3000   26.3000  116.1000   24.3000    3.4118
  119.6000   28.0000  116.1000   24.3000    3.3757
  115.7000   27.9000  116.1000   24.3000    3.3790
  115.8000   25.6000  116.1000   24.3000    3.3081
  119.5000   25.2000  119.0000   25.4000    3.4030
  116.3000   26.3000  119.0000   25.4000    3.3897
  118.6000   24.9000  119.0000   25.4000    3.4170
  116.2000   23.8000  119.0000   25.4000    3.3847
  118.0000   27.7000  119.0000   25.4000    3.3809
  118.1000   26.0000  119.0000   25.4000    3.4355
  116.6000   24.7000  119.0000   25.4000    3.3938
  115.6000   25.0000  119.0000   25.4000    3.3635
  115.8000   25.6000  119.0000   25.4000    3.3438
  119.1000   27.6000  119.0000   25.4000    3.4484
  117.1000   25.7000  119.0000   25.4000    3.3669
  117.2000   26.9000  119.0000   25.4000    3.3867
  116.1000   24.3000  119.0000   25.4000    3.3749
  119.5000   27.4000  119.0000   25.4000    3.4109
  116.6000   23.7000  119.0000   25.4000    3.4423
  116.6000   27.5000  119.0000   25.4000    3.3897
  115.7000   27.9000  119.0000   25.4000    3.3793
  119.6000   28.0000  119.0000   25.4000    3.4064
  117.6000   24.5000  119.0000   25.4000    3.4119
  117.5000   27.3000  119.0000   25.4000    3.3679
  118.0000   28.4000  119.0000   25.4000    3.4008
  117.4000   26.0000  119.0000   25.4000    3.3636
  116.2000   28.2000  119.0000   25.4000    3.3837
  118.4000   24.5000  119.0000   25.4000    3.4321
  116.5000   25.0000  118.2000   26.6000    3.3640
  117.5000   27.3000  118.2000   26.6000    3.4362
  115.8000   27.4000  118.2000   26.6000    3.3875
  118.6000   24.9000  118.2000   26.6000    3.4021
  119.5000   27.4000  118.2000   26.6000    3.3464
  118.9000   27.4000  118.2000   26.6000    3.3390
  117.3000   24.4000  118.2000   26.6000    3.3373
  118.0000   27.7000  118.2000   26.6000    3.4827
  116.6000   23.7000  118.2000   26.6000    3.3425
  118.0000   28.4000  118.2000   26.6000    3.3746
  117.4000   26.0000  118.2000   26.6000    3.3561
  119.0000   25.4000  118.2000   26.6000    3.4190
  118.1000   26.0000  118.2000   26.6000    3.4106
  118.4000   24.5000  118.2000   26.6000    3.3927
  116.1000   24.3000  118.2000   26.6000    3.3906
  117.1000   25.7000  118.2000   26.6000    3.3663
  116.6000   27.5000  118.2000   26.6000    3.4372
  119.6000   28.0000  118.2000   26.6000    3.3605
  118.5000   27.9000  118.2000   26.6000    3.3273
  115.8000   25.6000  118.2000   26.6000    3.3561
  117.6000   24.5000  118.2000   26.6000    3.3903
  116.2000   23.8000  118.2000   26.6000    3.3576
  118.2000   25.3000  118.2000   26.6000    3.4219
  117.2000   26.9000  118.2000   26.6000    3.4003
  116.3000   26.3000  118.2000   26.6000    3.4842
  119.5000   25.2000  118.2000   26.6000    3.4064
  119.8000   25.5000  118.2000   26.6000    3.4207
  116.6000   24.7000  118.2000   26.6000    3.3816
  116.2000   28.2000  118.2000   26.6000    3.3958
  115.8000   27.4000  118.6000   24.9000    3.3622
  119.6000   28.0000  118.6000   24.9000    3.4111
  116.6000   24.7000  118.6000   24.9000    3.4045
  116.1000   24.3000  118.6000   24.9000    3.3813
  119.1000   27.6000  118.6000   24.9000    3.4176
  117.4000   26.0000  118.6000   24.9000    3.3681
  118.1000   26.0000  118.6000   24.9000    3.4015
  116.6000   23.7000  118.6000   24.9000    3.4384
  116.3000   26.3000  118.6000   24.9000    3.3693
  115.7000   27.9000  118.6000   24.9000    3.3758
  115.8000   25.6000  118.6000   24.9000    3.3651
  117.2000   26.9000  118.6000   24.9000    3.3914
  116.2000   28.2000  118.6000   24.9000    3.3804
  118.0000   27.7000  118.6000   24.9000    3.4070
  118.9000   27.4000  118.6000   24.9000    3.4409
  116.6000   27.5000  118.6000   24.9000    3.3706
  117.1000   25.7000  118.6000   24.9000    3.3811
  118.0000   28.4000  118.6000   24.9000    3.3928
  116.2000   23.8000  118.6000   24.9000    3.3798
  117.5000   27.3000  118.6000   24.9000    3.4047
  117.6000   24.5000  118.6000   24.9000    3.4396
  118.2000   25.3000  118.6000   24.9000    3.3732
  115.6000   25.0000  118.6000   24.9000    3.3689
  116.5000   25.0000  118.6000   24.9000    3.3912
  119.5000   27.4000  118.6000   24.9000    3.3958
  118.0000   28.4000  119.5000   27.4000    3.3295
  118.2000   25.3000  119.5000   27.4000    3.4127
  118.4000   24.5000  119.5000   27.4000    3.4170
  116.6000   27.5000  119.5000   27.4000    3.3770
  116.2000   23.8000  119.5000   27.4000    3.3815
  117.4000   26.0000  119.5000   27.4000    3.3497
  116.3000   26.3000  119.5000   27.4000    3.3965
  116.1000   24.3000  119.5000   27.4000    3.3765
  118.0000   27.7000  119.5000   27.4000    3.4053
  117.2000   26.9000  119.5000   27.4000    3.4597
  118.1000   26.0000  119.5000   27.4000    3.3954
  116.6000   24.7000  119.5000   27.4000    3.3801
  117.1000   25.7000  119.5000   27.4000    3.3540
  116.6000   23.7000  119.5000   27.4000    3.3914
  115.6000   25.0000  119.5000   27.4000    3.3440
  115.8000   25.6000  119.5000   27.4000    3.3562
  118.4000   24.5000  116.3000   26.3000    3.3989
  115.6000   25.0000  116.3000   26.3000    3.3466
  119.1000   27.6000  116.3000   26.3000    3.3535
  118.0000   28.4000  116.3000   26.3000    3.3690
  119.6000   28.0000  116.3000   26.3000    3.3535
  115.8000   25.6000  117.5000   27.3000    3.3810
  118.2000   25.3000  117.5000   27.3000    3.3938
  118.1000   26.0000  117.5000   27.3000    3.3734
  116.3000   26.3000  117.5000   27.3000    3.3742
  119.6000   28.0000  117.5000   27.3000    3.3819
  116.2000   28.2000  117.5000   27.3000    3.3689
  118.0000   28.4000  117.5000   27.3000    3.3959
  117.1000   25.7000  117.5000   27.3000    3.3748
  115.7000   27.9000  117.5000   27.3000    3.3299
  117.6000   24.5000  117.5000   27.3000    3.3665
  116.6000   24.7000  117.5000   27.3000    3.3349
  116.1000   24.3000  117.5000   27.3000    3.3364
  119.1000   27.6000  117.5000   27.3000    3.4467
  117.4000   26.0000  117.5000   27.3000    3.4096
  118.4000   24.5000  117.5000   27.3000    3.4156
  115.6000   25.0000  117.5000   27.3000    3.3888
  116.6000   23.7000  117.5000   27.3000    3.3673
  116.6000   27.5000  117.5000   27.3000    3.3032
  116.2000   23.8000  117.5000   27.3000    3.3428
  119.5000   27.4000  116.4000   25.8000    3.3455
  117.2000   26.9000  116.4000   25.8000    3.3646
  118.7000   26.4000  116.4000   25.8000    3.4099
  118.0000   27.7000  116.4000   25.8000    3.3909
  115.7000   27.9000  116.4000   25.8000    3.3535
  115.8000   27.4000  116.4000   25.8000    3.3677
  118.4000   24.5000  116.4000   25.8000    3.3999
  117.4000   23.7000  116.4000   25.8000    3.3397
  117.5000   27.3000  116.4000   25.8000    3.3824
  118.2000   26.6000  116.4000   25.8000    3.3371
  120.3000   27.1000  116.4000   25.8000    3.4234
  116.2000   23.8000  116.4000   25.8000    3.4024
  116.6000   27.5000  116.4000   25.8000    3.3749
  119.0000   25.4000  116.4000   25.8000    3.3514
  118.0000   28.4000  116.4000   25.8000    3.3596
  119.1000   27.6000  116.4000   25.8000    3.3414
  116.1000   24.3000  116.4000   25.8000    3.3946
  118.6000   24.9000  116.4000   25.8000    3.3395
  116.6000   24.7000  116.4000   25.8000    3.4096
  115.8000   25.6000  116.4000   25.8000    3.4145
  116.2000   28.2000  116.4000   25.8000    3.4133
  117.3000   24.4000  116.4000   25.8000    3.3019
  117.1000   25.7000  116.4000   25.8000    3.4796
  117.5000   25.0000  116.4000   25.8000    3.4085
  115.6000   25.0000  116.4000   25.8000    3.3509
  118.1000   26.0000  116.4000   25.8000    3.4015
  118.9000   26.4000  116.4000   25.8000    3.4786
  119.6000   26.7000  116.4000   25.8000    3.4147
  118.9000   27.4000  116.4000   25.8000    3.3348
  119.4000   26.0000  116.4000   25.8000    3.3679
  118.2000   25.3000  116.4000   25.8000    3.3213
  117.6000   24.5000  116.4000   25.8000    3.3157
  116.6000   23.7000  116.4000   25.8000    3.3915
  117.4000   26.0000  116.4000   25.8000    3.4078
  119.3000   25.7000  116.4000   25.8000    3.3433
  119.6000   28.0000  116.4000   25.8000    3.3440
  119.5000   25.2000  116.4000   25.8000    3.3754
  118.5000   27.9000  116.4000   25.8000    3.3826
  117.2000   26.4000  116.4000   25.8000    3.3547
  115.8000   25.6000  115.7000   27.9000    3.3819
  116.2000   28.2000  115.7000   27.9000    3.2923
  118.0000   28.4000  115.7000   27.9000    3.4086
  115.6000   25.0000  115.7000   27.9000    3.3829
  119.6000   28.0000  115.7000   27.9000    3.3189
  116.6000   27.5000  115.7000   27.9000    3.4265
  119.1000   27.6000  115.7000   27.9000    3.4343
  118.4000   24.5000  115.7000   27.9000    3.3633
  116.3000   26.3000  115.7000   27.9000    3.3556
  115.7000   27.9000  116.6000   23.7000    3.3645
  118.0000   28.4000  116.6000   23.7000    3.3467
  115.6000   25.0000  116.6000   23.7000    3.3600
  115.8000   25.6000  116.6000   23.7000    3.3376
  119.6000   28.0000  116.6000   23.7000    3.3680
  116.3000   26.3000  116.6000   23.7000    3.3839
  119.1000   27.6000  116.6000   23.7000    3.3575
  118.4000   24.5000  116.6000   23.7000    3.4225
  116.1000   24.3000  116.6000   23.7000    3.3155
  116.1000   24.3000  117.2000   26.9000    3.3367
  115.7000   27.9000  117.2000   26.9000    3.3823
  118.0000   28.4000  117.2000   26.9000    3.3103
  116.6000   27.5000  117.2000   26.9000    3.3066
  116.3000   26.3000  117.2000   26.9000    3.3455
  118.9000   27.4000  117.2000   26.9000    3.4297
  117.1000   25.7000  117.2000   26.9000    3.3945
  116.6000   23.7000  117.2000   26.9000    3.3680
  116.2000   28.2000  117.2000   26.9000    3.3455
  118.0000   27.7000  117.2000   26.9000    3.3659
  118.2000   25.3000  117.2000   26.9000    3.3581
  117.4000   26.0000  117.2000   26.9000    3.4129
  118.1000   26.0000  117.2000   26.9000    3.3159
  119.1000   27.6000  117.2000   26.9000    3.3758
  115.8000   25.6000  117.2000   26.9000    3.3653
  116.6000   24.7000  117.2000   26.9000    3.3308
  115.8000   27.4000  117.2000   26.9000    3.3957
  116.2000   23.8000  117.2000   26.9000    3.3483
  119.6000   28.0000  117.2000   26.9000    3.3490
  115.6000   25.0000  117.2000   26.9000    3.3958
  118.4000   24.5000  117.2000   26.9000    3.3669
  118.7000   26.4000  117.4000   23.7000    3.3819
  117.2000   26.9000  117.4000   23.7000    3.3495
  116.6000   27.5000  117.4000   23.7000    3.3703
  116.2000   23.8000  117.4000   23.7000    3.4532
  116.2000   28.2000  117.4000   23.7000    3.3733
  118.1000   26.0000  117.4000   23.7000    3.4005
  119.3000   25.7000  117.4000   23.7000    3.4166
  117.5000   27.3000  117.4000   23.7000    3.3629
  119.4000   26.0000  117.4000   23.7000    3.4199
  120.3000   27.1000  117.4000   23.7000    3.4152
  117.2000   26.4000  117.4000   23.7000    3.3897
  117.5000   25.0000  117.4000   23.7000    3.4784
  116.3000   26.3000  117.4000   23.7000    3.3506
  116.1000   24.3000  117.4000   23.7000    3.4499
  116.6000   23.7000  117.4000   23.7000    3.3663
  117.4000   26.0000  117.4000   23.7000    3.4176
  118.6000   24.9000  117.4000   23.7000    3.4228
  116.6000   24.7000  117.4000   23.7000    3.3879
  119.0000   25.0000  117.4000   23.7000    3.4348
  115.8000   27.4000  117.4000   23.7000    3.3588
  115.7000   27.9000  117.4000   23.7000    3.3572
  117.6000   24.5000  117.4000   23.7000    3.4704
  119.5000   25.2000  117.4000   23.7000    3.4403
  119.6000   28.0000  117.4000   23.7000    3.3909
  118.4000   24.5000  117.4000   23.7000    3.3898
  118.9000   27.4000  117.4000   23.7000    3.3902
  118.2000   26.6000  117.4000   23.7000    3.4108
  119.0000   25.4000  117.4000   23.7000    3.4129
  119.6000   26.7000  117.4000   23.7000    3.4112
  115.8000   25.6000  117.4000   23.7000    3.3630
  118.5000   27.9000  117.4000   23.7000    3.3847
  119.9000   26.4000  117.4000   23.7000    3.4272
  119.1000   27.6000  117.4000   23.7000    3.3828
  119.8000   25.5000  117.4000   23.7000    3.4466
  118.0000   27.7000  117.4000   23.7000    3.4228
  117.1000   25.7000  117.4000   23.7000    3.3753
  116.5000   25.0000  117.4000   23.7000    3.3699
  115.6000   25.0000  117.4000   23.7000    3.3918
  118.2000   25.3000  117.4000   23.7000    3.3971
  119.5000   27.4000  117.4000   23.7000    3.3839
  118.9000   26.4000  117.4000   23.7000    3.3897
  116.6000   27.5000  115.8000   27.4000    3.4803
  119.1000   27.6000  115.8000   27.4000    3.3338
  119.6000   28.0000  115.8000   27.4000    3.3420
  115.6000   25.0000  115.8000   27.4000    3.3988
  118.0000   28.4000  115.8000   27.4000    3.3456
  116.3000   26.3000  115.8000   27.4000    3.3372
  118.4000   24.5000  115.8000   27.4000    3.3718
  119.0000   25.4000  118.5000   27.9000    3.3990
  115.8000   27.4000  118.5000   27.9000    3.3913
  117.1000   25.7000  118.5000   27.9000    3.3294
  115.8000   25.6000  118.5000   27.9000    3.3618
  116.6000   24.7000  118.5000   27.9000    3.3406
  116.2000   23.8000  118.5000   27.9000    3.3511
  116.5000   25.0000  118.5000   27.9000    3.3480
  116.3000   26.3000  118.5000   27.9000    3.3504
  116.1000   24.3000  118.5000   27.9000    3.3495
  116.6000   27.5000  118.5000   27.9000    3.4045
  119.5000   25.2000  118.5000   27.9000    3.4234
  118.4000   24.5000  118.5000   27.9000    3.4036
  118.9000   27.4000  118.5000   27.9000    3.4602
  119.5000   27.4000  118.5000   27.9000    3.4464
  118.1000   26.0000  118.5000   27.9000    3.3976
  118.6000   24.9000  118.5000   27.9000    3.4147
  116.6000   23.7000  118.5000   27.9000    3.3520
  117.5000   27.3000  118.5000   27.9000    3.3356
  117.2000   26.9000  118.5000   27.9000    3.3653
  117.3000   24.4000  118.5000   27.9000    3.3599
  119.6000   28.0000  118.5000   27.9000    3.4195
  115.6000   25.0000  118.5000   27.9000    3.3884
  117.6000   24.5000  118.5000   27.9000    3.4007
  119.8000   25.5000  118.5000   27.9000    3.4041
  116.2000   28.2000  118.5000   27.9000    3.3561
  118.2000   25.3000  118.5000   27.9000    3.4049
  118.0000   27.7000  118.5000   27.9000    3.3690
  115.8000   27.4000  119.9000   26.4000    3.3921
  119.0000   25.4000  119.9000   26.4000    3.4131
  116.5000   25.0000  119.9000   26.4000    3.3835
  117.2000   26.4000  119.9000   26.4000    3.4140
  118.0000   28.4000  119.9000   26.4000    3.3680
  116.6000   24.7000  119.9000   26.4000    3.3961
  119.1000   27.6000  119.9000   26.4000    3.3780
  118.9000   26.4000  119.9000   26.4000    3.4743
  115.8000   25.6000  119.9000   26.4000    3.4073
  116.6000   27.5000  119.9000   26.4000    3.3947
  116.1000   24.3000  119.9000   26.4000    3.3752
  115.6000   25.0000  119.9000   26.4000    3.3764
  119.6000   26.7000  119.9000   26.4000    3.3531
  116.2000   28.2000  119.9000   26.4000    3.3751
  116.6000   23.7000  119.9000   26.4000    3.4465
  117.6000   24.5000  119.9000   26.4000    3.4198
  119.5000   25.2000  119.9000   26.4000    3.4407
  118.0000   27.7000  119.9000   26.4000    3.3959
  118.2000   25.3000  119.9000   26.4000    3.4345
  117.5000   27.3000  119.9000   26.4000    3.3976
  117.2000   26.9000  119.9000   26.4000    3.4162
  119.5000   27.4000  119.9000   26.4000    3.3960
  116.2000   23.8000  119.9000   26.4000    3.3962
  116.3000   26.3000  119.9000   26.4000    3.3777
  117.3000   24.4000  119.9000   26.4000    3.4312
  118.5000   27.9000  119.9000   26.4000    3.3732
  118.6000   24.9000  119.9000   26.4000    3.4380
  118.4000   24.5000  119.9000   26.4000    3.4427
  117.1000   25.7000  119.9000   26.4000    3.4231
  117.4000   26.0000  119.9000   26.4000    3.4283
  118.2000   26.6000  119.9000   26.4000    3.4052
  118.9000   27.4000  119.9000   26.4000    3.3779
  119.6000   28.0000  119.9000   26.4000    3.4688
  115.7000   27.9000  119.9000   26.4000    3.3968
