   729    3.7618    0.0608       026
  120.4000   23.9000  119.9000   26.2000    3.7157
  115.8000   27.4000  116.2000   23.8000    3.8152
  115.6000   25.0000  116.2000   23.8000    3.6897
  116.6000   27.5000  116.2000   23.8000    3.7656
  119.1000   27.6000  116.2000   23.8000    3.7339
  116.3000   26.3000  116.2000   23.8000    3.8009
  115.7000   27.9000  116.2000   23.8000    3.7565
  118.0000   28.4000  116.2000   23.8000    3.7576
  115.8000   25.6000  116.2000   23.8000    3.7487
  116.2000   28.2000  116.2000   23.8000    3.7297
  118.4000   24.5000  116.2000   23.8000    3.7713
  116.3000   26.3000  116.6000   24.7000    3.7320
  115.8000   27.4000  116.6000   24.7000    3.7229
  115.8000   25.6000  116.6000   24.7000    3.7366
  116.2000   28.2000  116.6000   24.7000    3.7672
  118.9000   27.4000  116.6000   24.7000    3.7512
  118.1000   26.0000  116.6000   24.7000    3.7059
  119.6000   28.0000  116.6000   24.7000    3.8164
  116.6000   23.7000  116.6000   24.7000    3.9719
  119.1000   27.6000  116.6000   24.7000    3.7466
  118.0000   28.4000  116.6000   24.7000    3.7479
  118.4000   24.5000  116.6000   24.7000    3.7521
  115.7000   27.9000  116.6000   24.7000    3.7586
  116.5000   25.0000  118.9000   26.4000    3.6621
  115.8000   27.4000  118.9000   26.4000    3.7982
  116.6000   23.7000  118.9000   26.4000    3.7859
  118.6000   24.9000  118.9000   26.4000    3.7818
  117.2000   26.9000  118.9000   26.4000    3.7623
  117.4000   26.0000  118.9000   26.4000    3.8228
  119.8000   25.5000  118.9000   26.4000    3.9383
  116.6000   27.5000  118.9000   26.4000    3.7578
  116.2000   28.2000  118.9000   26.4000    3.7604
  119.5000   27.4000  118.9000   26.4000    3.8550
  117.3000   24.4000  118.9000   26.4000    3.7186
  115.7000   27.9000  118.9000   26.4000    3.7759
  116.2000   23.8000  118.9000   26.4000    3.7184
  118.0000   28.4000  118.9000   26.4000    3.7519
  118.5000   27.9000  118.9000   26.4000    3.7528
  119.1000   27.6000  118.9000   26.4000    3.7314
  117.1000   25.7000  118.9000   26.4000    3.7343
  118.2000   25.3000  118.9000   26.4000    3.8850
  117.5000   27.3000  118.9000   26.4000    3.7381
  116.1000   24.3000  118.9000   26.4000    3.7214
  117.2000   26.4000  118.9000   26.4000    3.7748
  118.0000   27.7000  118.9000   26.4000    3.7226
  119.5000   25.2000  118.9000   26.4000    3.6757
  119.6000   28.0000  118.9000   26.4000    3.6454
  118.4000   24.5000  118.9000   26.4000    3.8171
  115.8000   25.6000  118.9000   26.4000    3.7620
  117.6000   24.5000  118.9000   26.4000    3.7515
  116.3000   26.3000  118.9000   26.4000    3.8105
  116.6000   24.7000  118.9000   26.4000    3.7562
  118.0000   27.7000  119.8000   25.5000    3.6412
  117.2000   26.9000  119.8000   25.5000    3.8222
  119.1000   27.6000  119.8000   25.5000    3.9177
  117.6000   24.5000  119.8000   25.5000    3.9037
  115.7000   27.9000  119.8000   25.5000    3.8035
  116.6000   27.5000  119.8000   25.5000    3.7663
  117.1000   25.7000  119.8000   25.5000    3.8357
  118.0000   28.4000  119.8000   25.5000    3.7611
  118.2000   25.3000  119.8000   25.5000    3.9566
  116.6000   23.7000  119.8000   25.5000    3.7240
  118.9000   27.4000  119.8000   25.5000    3.6986
  118.6000   24.9000  119.8000   25.5000    3.7089
  119.6000   28.0000  119.8000   25.5000    3.8061
  117.5000   27.3000  119.8000   25.5000    3.7287
  116.1000   24.3000  118.2000   25.3000    3.7193
  116.6000   27.5000  118.2000   25.3000    3.6981
  116.6000   23.7000  118.2000   25.3000    3.7441
  116.6000   24.7000  118.2000   25.3000    3.7056
  118.0000   28.4000  118.2000   25.3000    3.7723
  119.1000   27.6000  118.2000   25.3000    3.7709
  115.8000   25.6000  118.2000   25.3000    3.7006
  115.7000   27.9000  118.2000   25.3000    3.7360
  116.2000   28.2000  118.2000   25.3000    3.7445
  117.6000   24.5000  118.2000   25.3000    3.9248
  118.9000   27.4000  118.2000   25.3000    3.7833
  116.2000   23.8000  118.2000   25.3000    3.7619
  116.3000   26.3000  118.2000   25.3000    3.7335
  115.8000   27.4000  118.2000   25.3000    3.7432
  118.4000   24.5000  115.6000   25.0000    3.7668
  120.4000   23.9000  118.4000   24.5000    3.8021
  119.1000   27.6000  118.4000   24.5000    3.8061
  119.9000   26.2000  118.4000   24.5000    3.7863
  118.2000   25.3000  117.3000   24.4000    3.6225
  116.1000   24.3000  117.3000   24.4000    3.9358
  119.1000   27.6000  117.3000   24.4000    3.7455
  119.0000   25.4000  117.3000   24.4000    3.7832
  118.0000   28.4000  117.3000   24.4000    3.7572
  115.7000   27.9000  117.3000   24.4000    3.7097
  118.0000   27.7000  117.3000   24.4000    3.7733
  116.2000   23.8000  117.3000   24.4000    3.7562
  117.5000   27.3000  117.3000   24.4000    3.7445
  117.4000   26.0000  117.3000   24.4000    3.7863
  116.3000   26.3000  117.3000   24.4000    3.6845
  118.6000   24.9000  117.3000   24.4000    3.9623
  116.6000   27.5000  117.3000   24.4000    3.7430
  116.2000   28.2000  117.3000   24.4000    3.7391
  117.2000   26.9000  117.3000   24.4000    3.7685
  118.9000   27.4000  117.3000   24.4000    3.7482
  115.8000   27.4000  117.3000   24.4000    3.7924
  119.5000   27.4000  117.3000   24.4000    3.7333
  118.1000   26.0000  117.3000   24.4000    3.7561
  115.6000   25.0000  117.3000   24.4000    3.6529
  117.1000   25.7000  117.3000   24.4000    3.7433
  115.8000   25.6000  117.3000   24.4000    3.7054
  119.5000   25.2000  117.3000   24.4000    3.8508
  115.6000   25.0000  116.6000   27.5000    3.9039
  116.3000   26.3000  116.6000   27.5000    3.8214
  119.1000   27.6000  116.6000   27.5000    3.7511
  118.0000   28.4000  116.6000   27.5000    3.7459
  118.4000   24.5000  116.6000   27.5000    3.7462
  118.0000   28.4000  118.1000   26.0000    3.7566
  118.9000   27.4000  118.1000   26.0000    3.7866
  116.6000   23.7000  118.1000   26.0000    3.7471
  115.8000   27.4000  118.1000   26.0000    3.6942
  115.7000   27.9000  118.1000   26.0000    3.7599
  116.3000   26.3000  118.1000   26.0000    3.7216
  116.2000   23.8000  118.1000   26.0000    3.7502
  116.1000   24.3000  118.1000   26.0000    3.7336
  116.2000   28.2000  118.1000   26.0000    3.7260
  117.6000   24.5000  118.1000   26.0000    3.6318
  115.8000   25.6000  118.1000   26.0000    3.7537
  116.6000   27.5000  118.1000   26.0000    3.7164
  118.4000   24.5000  118.1000   26.0000    3.7734
  119.6000   28.0000  118.1000   26.0000    3.6928
  115.6000   25.0000  118.1000   26.0000    3.8047
  119.1000   27.6000  118.1000   26.0000    3.7731
  116.1000   24.3000  119.5000   25.2000    3.7826
  117.5000   27.3000  119.5000   25.2000    3.7829
  118.9000   27.4000  119.5000   25.2000    3.7708
  118.4000   24.5000  119.5000   25.2000    3.7549
  118.1000   26.0000  119.5000   25.2000    3.7682
  117.4000   26.0000  119.5000   25.2000    3.7132
  119.5000   27.4000  119.5000   25.2000    3.7675
  116.6000   24.7000  119.5000   25.2000    3.7811
  116.6000   27.5000  119.5000   25.2000    3.7757
  115.6000   25.0000  119.5000   25.2000    3.6657
  119.1000   27.6000  119.5000   25.2000    3.7194
  116.2000   28.2000  119.5000   25.2000    3.7742
  118.0000   27.7000  119.5000   25.2000    3.7797
  117.2000   26.9000  119.5000   25.2000    3.7735
  115.8000   27.4000  119.5000   25.2000    3.8413
  118.0000   28.4000  119.5000   25.2000    3.7422
  117.6000   24.5000  119.5000   25.2000    3.7049
  116.3000   26.3000  119.5000   25.2000    3.7502
  116.6000   23.7000  119.5000   25.2000    3.8063
  115.8000   25.6000  119.5000   25.2000    3.7767
  117.1000   25.7000  119.5000   25.2000    3.7205
  115.7000   27.9000  119.5000   25.2000    3.7768
  117.4000   26.0000  119.4000   26.0000    3.7934
  116.3000   26.3000  119.4000   26.0000    3.7869
  116.6000   27.5000  119.4000   26.0000    3.7787
  117.5000   27.3000  119.4000   26.0000    3.7480
  117.3000   24.4000  119.4000   26.0000    3.7605
  115.7000   27.9000  119.4000   26.0000    3.7662
  117.2000   26.9000  119.4000   26.0000    3.7520
  115.8000   25.6000  119.4000   26.0000    3.7425
  116.1000   24.3000  119.4000   26.0000    3.7485
  119.1000   27.6000  119.4000   26.0000    3.7753
  118.0000   28.4000  119.4000   26.0000    3.7584
  117.2000   26.4000  119.4000   26.0000    3.7803
  116.2000   28.2000  119.4000   26.0000    3.7409
  118.6000   24.9000  119.4000   26.0000    3.8007
  116.6000   24.7000  119.4000   26.0000    3.7074
  118.2000   25.3000  119.4000   26.0000    3.8059
  117.5000   25.0000  119.4000   26.0000    3.7288
  119.0000   25.0000  119.4000   26.0000    3.9283
  118.0000   27.7000  119.4000   26.0000    3.7238
  118.2000   26.6000  119.4000   26.0000    3.8211
  119.5000   27.4000  119.4000   26.0000    3.7462
  118.5000   27.9000  119.4000   26.0000    3.7664
  118.9000   27.4000  119.4000   26.0000    3.7368
  116.2000   23.8000  119.4000   26.0000    3.7695
  118.4000   24.5000  119.4000   26.0000    3.7919
  117.1000   25.7000  119.4000   26.0000    3.7963
  115.7000   27.9000  119.6000   26.7000    3.7754
  118.0000   28.4000  119.6000   26.7000    3.6847
  116.2000   23.8000  119.6000   26.7000    3.7351
  117.1000   25.7000  119.6000   26.7000    3.7439
  118.0000   27.7000  119.6000   26.7000    3.6716
  119.5000   25.2000  119.6000   26.7000    3.7671
  117.6000   24.5000  119.6000   26.7000    3.8793
  118.5000   27.9000  119.6000   26.7000    3.6631
  117.2000   26.9000  119.6000   26.7000    3.8262
  117.3000   24.4000  119.6000   26.7000    3.7908
  116.6000   23.7000  119.6000   26.7000    3.7717
  116.6000   27.5000  119.6000   26.7000    3.7643
  116.2000   28.2000  119.6000   26.7000    3.7913
  116.3000   26.3000  119.6000   26.7000    3.7456
  116.1000   24.3000  119.6000   26.7000    3.7412
  115.8000   25.6000  119.6000   26.7000    3.7071
  118.1000   26.0000  119.6000   26.7000    3.6834
  118.4000   24.5000  119.6000   26.7000    3.7927
  118.6000   24.9000  119.6000   26.7000    3.7714
  117.4000   26.0000  119.6000   26.7000    3.7190
  115.8000   27.4000  119.6000   26.7000    3.7688
  119.1000   27.6000  119.6000   26.7000    3.7432
  119.0000   25.4000  119.6000   26.7000    3.7801
  119.8000   25.5000  119.6000   26.7000    3.7664
  118.2000   26.6000  119.6000   26.7000    3.8890
  118.2000   25.3000  119.6000   26.7000    3.7390
  118.9000   27.4000  119.6000   26.7000    3.8150
  116.6000   24.7000  119.6000   26.7000    3.7062
  115.6000   25.0000  119.6000   26.7000    3.8086
  117.5000   27.3000  119.6000   26.7000    3.7769
  116.5000   25.0000  119.6000   26.7000    3.6994
  118.0000   27.7000  119.0000   25.0000    3.7819
  116.2000   23.8000  119.0000   25.0000    3.7820
  117.5000   27.3000  119.0000   25.0000    3.7553
  118.5000   27.9000  119.0000   25.0000    3.7799
  116.6000   24.7000  119.0000   25.0000    3.7918
  115.6000   25.0000  119.0000   25.0000    3.8057
  115.7000   27.9000  119.0000   25.0000    3.7752
  117.3000   24.4000  119.0000   25.0000    3.7469
  117.4000   26.0000  119.0000   25.0000    3.7714
  118.9000   27.4000  119.0000   25.0000    3.7487
  119.5000   27.4000  119.0000   25.0000    3.8024
  118.2000   26.6000  119.0000   25.0000    3.7176
  115.8000   27.4000  119.0000   25.0000    3.7658
  118.9000   26.4000  119.0000   25.0000    3.8692
  118.1000   26.0000  119.0000   25.0000    3.7836
  116.6000   23.7000  119.0000   25.0000    3.7933
  115.8000   25.6000  119.0000   25.0000    3.7472
  116.2000   28.2000  119.0000   25.0000    3.7580
  116.6000   27.5000  119.0000   25.0000    3.7550
  119.9000   26.4000  119.0000   25.0000    3.7975
  117.1000   25.7000  119.0000   25.0000    3.7349
  117.2000   26.4000  119.0000   25.0000    3.7578
  119.6000   26.7000  119.0000   25.0000    3.7821
  116.1000   24.3000  119.0000   25.0000    3.7591
  116.3000   26.3000  119.0000   25.0000    3.7755
  119.1000   27.6000  119.0000   25.0000    3.7721
  118.0000   28.4000  119.0000   25.0000    3.7605
  117.2000   26.9000  119.0000   25.0000    3.7673
  118.1000   26.0000  116.5000   25.0000    3.8117
  116.2000   23.8000  116.5000   25.0000    3.8041
  116.3000   26.3000  116.5000   25.0000    3.8966
  115.8000   27.4000  116.5000   25.0000    3.8094
  117.4000   26.0000  116.5000   25.0000    3.6393
  115.7000   27.9000  116.5000   25.0000    3.6321
  115.8000   25.6000  116.5000   25.0000    3.9087
  118.9000   27.4000  116.5000   25.0000    3.6555
  118.0000   28.4000  118.9000   27.4000    3.6126
  115.8000   25.6000  118.9000   27.4000    3.7175
  119.6000   28.0000  118.9000   27.4000    3.9708
  115.8000   27.4000  118.9000   27.4000    3.6708
  116.3000   26.3000  118.9000   27.4000    3.7588
  116.1000   24.3000  118.9000   27.4000    3.7232
  116.6000   23.7000  118.9000   27.4000    3.7350
  117.6000   24.5000  118.9000   27.4000    3.6818
  118.4000   24.5000  118.9000   27.4000    3.7942
  116.2000   23.8000  118.9000   27.4000    3.7451
  116.6000   27.5000  118.9000   27.4000    3.8019
  116.6000   27.5000  117.6000   24.5000    3.8057
  115.8000   25.6000  117.6000   24.5000    3.6774
  115.8000   27.4000  117.6000   24.5000    3.7858
  115.7000   27.9000  117.6000   24.5000    3.6416
  116.3000   26.3000  117.6000   24.5000    3.6436
  118.2000   25.3000  117.4000   26.0000    3.8498
  116.1000   24.3000  117.4000   26.0000    3.7271
  116.2000   28.2000  117.4000   26.0000    3.7143
  116.6000   27.5000  117.4000   26.0000    3.6479
  116.2000   23.8000  117.4000   26.0000    3.7125
  116.6000   23.7000  117.4000   26.0000    3.7319
  116.6000   24.7000  117.4000   26.0000    3.7142
  115.8000   25.6000  117.4000   26.0000    3.7358
  119.6000   28.0000  117.4000   26.0000    3.8747
  118.4000   24.5000  117.4000   26.0000    3.6964
  118.9000   27.4000  117.4000   26.0000    3.6898
  115.6000   25.0000  117.4000   26.0000    3.6812
  116.3000   26.3000  117.4000   26.0000    3.9552
  119.1000   27.6000  117.4000   26.0000    3.7013
  115.7000   27.9000  117.4000   26.0000    3.7136
  118.0000   28.4000  117.4000   26.0000    3.7775
  115.8000   27.4000  117.4000   26.0000    3.6698
  119.5000   27.4000  118.7000   26.4000    3.9486
  118.2000   25.3000  118.7000   26.4000    3.7598
  118.4000   24.5000  118.7000   26.4000    3.7133
  115.7000   27.9000  118.7000   26.4000    3.8407
  118.5000   27.9000  118.7000   26.4000    3.7460
  119.0000   25.0000  118.7000   26.4000    3.6508
  117.5000   25.0000  118.7000   26.4000    3.7730
  115.8000   27.4000  118.7000   26.4000    3.7627
  119.1000   27.6000  118.7000   26.4000    3.9601
  118.6000   24.9000  118.7000   26.4000    3.9571
  116.6000   24.7000  118.7000   26.4000    3.6656
  118.0000   27.7000  118.7000   26.4000    3.8734
  116.5000   25.0000  118.7000   26.4000    3.9223
  118.0000   28.4000  118.7000   26.4000    3.7222
  117.1000   25.7000  118.7000   26.4000    3.6258
  117.3000   24.4000  118.7000   26.4000    3.8508
  116.3000   26.3000  117.1000   25.7000    3.8405
  115.7000   27.9000  117.1000   25.7000    3.7083
  118.4000   24.5000  117.1000   25.7000    3.7302
  116.6000   27.5000  117.1000   25.7000    3.6947
  118.9000   27.4000  117.1000   25.7000    3.7112
  119.1000   27.6000  117.1000   25.7000    3.7579
  116.1000   24.3000  117.1000   25.7000    3.6859
  116.2000   23.8000  117.1000   25.7000    3.7007
  116.2000   28.2000  117.1000   25.7000    3.7282
  118.0000   28.4000  117.1000   25.7000    3.7835
  116.6000   24.7000  117.1000   25.7000    3.8647
  115.8000   27.4000  117.1000   25.7000    3.6684
  119.6000   28.0000  117.1000   25.7000    3.7728
  115.8000   25.6000  117.1000   25.7000    3.8212
  117.6000   24.5000  117.1000   25.7000    3.6709
  116.6000   23.7000  117.1000   25.7000    3.7926
  118.2000   25.3000  117.1000   25.7000    3.9235
  115.6000   25.0000  118.0000   28.4000    3.7571
  118.4000   24.5000  118.0000   28.4000    3.7809
  119.1000   27.6000  118.0000   28.4000    3.6809
  118.1000   26.0000  118.0000   27.7000    3.7833
  118.2000   25.3000  118.0000   27.7000    3.7648
  116.6000   23.7000  118.0000   27.7000    3.7534
  116.1000   24.3000  118.0000   27.7000    3.7403
  115.8000   25.6000  118.0000   27.7000    3.7359
  116.2000   23.8000  118.0000   27.7000    3.7688
  116.2000   28.2000  118.0000   27.7000    3.8144
  116.6000   24.7000  118.0000   27.7000    3.7639
  115.7000   27.9000  118.0000   27.7000    3.8090
  116.3000   26.3000  118.0000   27.7000    3.7153
  118.4000   24.5000  118.0000   27.7000    3.8410
  117.4000   26.0000  118.0000   27.7000    3.7509
  116.6000   27.5000  118.0000   27.7000    3.7681
  117.1000   25.7000  118.0000   27.7000    3.7168
  116.6000   27.5000  117.2000   26.4000    3.6466
  118.4000   24.5000  117.2000   26.4000    3.7110
  118.9000   27.4000  117.2000   26.4000    3.7153
  119.0000   25.4000  117.2000   26.4000    3.7540
  119.6000   26.7000  117.2000   26.4000    3.7745
  118.6000   24.9000  117.2000   26.4000    3.7159
  118.5000   27.9000  117.2000   26.4000    3.7105
  119.1000   27.6000  117.2000   26.4000    3.7432
  116.1000   24.3000  117.2000   26.4000    3.7125
  116.6000   23.7000  117.2000   26.4000    3.7463
  116.2000   28.2000  117.2000   26.4000    3.7337
  119.5000   25.2000  117.2000   26.4000    3.7598
  118.0000   27.7000  117.2000   26.4000    3.8079
  116.6000   24.7000  117.2000   26.4000    3.7523
  115.7000   27.9000  117.2000   26.4000    3.6926
  119.5000   27.4000  117.2000   26.4000    3.7493
  118.2000   25.3000  117.2000   26.4000    3.7101
  116.2000   23.8000  117.2000   26.4000    3.7868
  117.3000   24.4000  117.2000   26.4000    3.7197
  118.0000   28.4000  117.2000   26.4000    3.7559
  115.6000   25.0000  117.2000   26.4000    3.7254
  115.8000   25.6000  117.2000   26.4000    3.7164
  116.5000   25.0000  117.2000   26.4000    3.9370
  116.3000   26.3000  119.3000   25.7000    3.7239
  119.5000   27.4000  119.3000   25.7000    3.7134
  117.1000   25.7000  119.3000   25.7000    3.7652
  118.4000   24.5000  119.3000   25.7000    3.7538
  115.7000   27.9000  119.3000   25.7000    3.7552
  116.6000   27.5000  119.3000   25.7000    3.7704
  117.3000   24.4000  119.3000   25.7000    3.7295
  118.0000   27.7000  119.3000   25.7000    3.7461
  116.2000   28.2000  119.3000   25.7000    3.7618
  118.1000   26.0000  119.3000   25.7000    3.9593
  116.5000   25.0000  119.3000   25.7000    3.9023
  115.6000   25.0000  119.3000   25.7000    3.8017
  116.2000   23.8000  119.3000   25.7000    3.7675
  117.4000   26.0000  119.3000   25.7000    3.7302
  118.2000   26.6000  119.3000   25.7000    3.7138
  115.8000   25.6000  119.3000   25.7000    3.7481
  119.1000   27.6000  119.3000   25.7000    3.7067
  117.5000   25.0000  119.3000   25.7000    3.7878
  118.6000   24.9000  119.3000   25.7000    3.9604
  118.9000   27.4000  119.3000   25.7000    3.7562
  117.5000   27.3000  119.3000   25.7000    3.7392
  119.6000   28.0000  119.3000   25.7000    3.6992
  117.6000   24.5000  119.3000   25.7000    3.7109
  116.6000   23.7000  119.3000   25.7000    3.7425
  116.6000   24.7000  119.3000   25.7000    3.7584
  118.0000   28.4000  119.3000   25.7000    3.7628
  117.2000   26.4000  119.3000   25.7000    3.7341
  117.2000   26.9000  119.3000   25.7000    3.7744
  116.1000   24.3000  119.3000   25.7000    3.7401
  119.6000   26.7000  119.3000   25.7000    3.9002
  118.5000   27.9000  119.3000   25.7000    3.7608
  115.8000   27.4000  119.3000   25.7000    3.7978
  119.0000   25.4000  117.5000   25.0000    3.9536
  118.9000   26.4000  117.5000   25.0000    3.7614
  115.7000   27.9000  117.5000   25.0000    3.7169
  116.3000   26.3000  117.5000   25.0000    3.6474
  117.4000   26.0000  117.5000   25.0000    3.8863
  119.6000   26.7000  117.5000   25.0000    3.7666
  118.2000   26.6000  117.5000   25.0000    3.7808
  117.5000   27.3000  117.5000   25.0000    3.7613
  119.5000   25.2000  117.5000   25.0000    3.7859
  115.8000   27.4000  117.5000   25.0000    3.7280
  116.6000   27.5000  117.5000   25.0000    3.7044
  115.6000   25.0000  117.5000   25.0000    3.6485
  119.8000   25.5000  117.5000   25.0000    3.6962
  119.1000   27.6000  117.5000   25.0000    3.7396
  118.9000   27.4000  117.5000   25.0000    3.7438
  119.5000   27.4000  117.5000   25.0000    3.7194
  117.1000   25.7000  117.5000   25.0000    3.8533
  116.1000   24.3000  117.5000   25.0000    3.7031
  116.2000   23.8000  117.5000   25.0000    3.8328
  119.0000   25.0000  117.5000   25.0000    3.7967
  117.2000   26.4000  117.5000   25.0000    3.6589
  118.0000   28.4000  117.5000   25.0000    3.7395
  118.5000   27.9000  117.5000   25.0000    3.7891
  118.0000   27.7000  117.5000   25.0000    3.7658
  117.2000   26.9000  117.5000   25.0000    3.6668
  118.4000   24.5000  117.5000   25.0000    3.9708
  118.1000   26.0000  117.5000   25.0000    3.7999
  119.9000   26.4000  117.5000   25.0000    3.7887
  115.8000   25.6000  117.5000   25.0000    3.6459
  116.2000   28.2000  117.5000   25.0000    3.7133
  118.4000   24.5000  116.2000   28.2000    3.7378
  116.3000   26.3000  116.2000   28.2000    3.7268
  118.0000   28.4000  116.2000   28.2000    3.7214
  119.1000   27.6000  116.2000   28.2000    3.7843
  115.6000   25.0000  116.2000   28.2000    3.8224
  118.0000   27.7000  120.3000   27.1000    3.8266
  119.0000   25.4000  120.3000   27.1000    3.7718
  116.2000   28.2000  120.3000   27.1000    3.8194
  118.1000   26.0000  120.3000   27.1000    3.7316
  118.7000   26.4000  120.3000   27.1000    3.7055
  116.6000   27.5000  120.3000   27.1000    3.7525
  117.1000   25.7000  120.3000   27.1000    3.7559
  118.9000   26.4000  120.3000   27.1000    3.7642
  116.3000   26.3000  120.3000   27.1000    3.7747
  118.6000   24.9000  120.3000   27.1000    3.7910
  117.4000   26.0000  120.3000   27.1000    3.7411
  119.4000   26.0000  120.3000   27.1000    3.7556
  119.1000   27.6000  120.3000   27.1000    3.7768
  118.2000   26.6000  120.3000   27.1000    3.7246
  118.0000   28.4000  120.3000   27.1000    3.7208
  117.5000   27.3000  120.3000   27.1000    3.7642
  115.8000   25.6000  120.3000   27.1000    3.7055
  119.5000   25.2000  120.3000   27.1000    3.8113
  116.1000   24.3000  120.3000   27.1000    3.7404
  116.5000   25.0000  120.3000   27.1000    3.8525
  115.6000   25.0000  120.3000   27.1000    3.7269
  118.5000   27.9000  120.3000   27.1000    3.7344
  118.4000   24.5000  120.3000   27.1000    3.7729
  115.8000   27.4000  120.3000   27.1000    3.7689
  117.2000   26.9000  120.3000   27.1000    3.7665
  117.2000   26.4000  120.3000   27.1000    3.7742
  116.2000   23.8000  120.3000   27.1000    3.7589
  117.3000   24.4000  120.3000   27.1000    3.8055
  117.5000   25.0000  120.3000   27.1000    3.7517
  119.3000   25.7000  120.3000   27.1000    3.7531
  116.6000   24.7000  120.3000   27.1000    3.7519
  116.6000   23.7000  120.3000   27.1000    3.7421
  119.0000   25.0000  120.3000   27.1000    3.7965
  119.6000   28.0000  120.3000   27.1000    3.6200
  118.4000   24.5000  115.8000   25.6000    3.7723
  116.2000   28.2000  115.8000   25.6000    3.7508
  116.6000   27.5000  115.8000   25.6000    3.7351
  118.0000   28.4000  115.8000   25.6000    3.7537
  119.1000   27.6000  115.8000   25.6000    3.7377
  115.8000   27.4000  115.8000   25.6000    3.6723
  116.2000   28.2000  116.1000   24.3000    3.7593
  115.6000   25.0000  116.1000   24.3000    3.9581
  118.4000   24.5000  116.1000   24.3000    3.8245
  118.0000   28.4000  116.1000   24.3000    3.7690
  116.6000   27.5000  116.1000   24.3000    3.7152
  119.1000   27.6000  116.1000   24.3000    3.7076
  115.8000   27.4000  116.1000   24.3000    3.7607
  116.3000   26.3000  116.1000   24.3000    3.7912
  119.6000   28.0000  116.1000   24.3000    3.7117
  115.7000   27.9000  116.1000   24.3000    3.7800
  115.8000   25.6000  116.1000   24.3000    3.7662
  116.3000   26.3000  119.0000   25.4000    3.7291
  116.2000   23.8000  119.0000   25.4000    3.8235
  118.0000   27.7000  119.0000   25.4000    3.7677
  118.1000   26.0000  119.0000   25.4000    3.9265
  116.6000   24.7000  119.0000   25.4000    3.7837
  115.8000   25.6000  119.0000   25.4000    3.8123
  119.1000   27.6000  119.0000   25.4000    3.7436
  117.1000   25.7000  119.0000   25.4000    3.6874
  117.2000   26.9000  119.0000   25.4000    3.7498
  116.1000   24.3000  119.0000   25.4000    3.7818
  119.5000   27.4000  119.0000   25.4000    3.7517
  116.6000   23.7000  119.0000   25.4000    3.7387
  116.6000   27.5000  119.0000   25.4000    3.7501
  115.7000   27.9000  119.0000   25.4000    3.7800
  119.6000   28.0000  119.0000   25.4000    3.8079
  117.6000   24.5000  119.0000   25.4000    3.9460
  117.5000   27.3000  119.0000   25.4000    3.7334
  118.0000   28.4000  119.0000   25.4000    3.7555
  117.4000   26.0000  119.0000   25.4000    3.7508
  116.2000   28.2000  119.0000   25.4000    3.7574
  116.5000   25.0000  118.2000   26.6000    3.8287
  117.5000   27.3000  118.2000   26.6000    3.8150
  115.8000   27.4000  118.2000   26.6000    3.6702
  118.6000   24.9000  118.2000   26.6000    3.7744
  119.5000   27.4000  118.2000   26.6000    3.7176
  118.9000   27.4000  118.2000   26.6000    3.9382
  117.3000   24.4000  118.2000   26.6000    3.7661
  118.0000   27.7000  118.2000   26.6000    3.9169
  115.7000   27.9000  118.2000   26.6000    3.7547
  116.6000   23.7000  118.2000   26.6000    3.7553
  118.0000   28.4000  118.2000   26.6000    3.7238
  119.0000   25.4000  118.2000   26.6000    3.7091
  118.4000   24.5000  118.2000   26.6000    3.7717
  116.1000   24.3000  118.2000   26.6000    3.7453
  117.1000   25.7000  118.2000   26.6000    3.6172
  116.6000   27.5000  118.2000   26.6000    3.7478
  118.5000   27.9000  118.2000   26.6000    3.7364
  115.8000   25.6000  118.2000   26.6000    3.7128
  117.6000   24.5000  118.2000   26.6000    3.8553
  116.2000   23.8000  118.2000   26.6000    3.7572
  118.2000   25.3000  118.2000   26.6000    3.8103
  116.3000   26.3000  118.2000   26.6000    3.7728
  119.5000   25.2000  118.2000   26.6000    3.7245
  119.1000   27.6000  118.2000   26.6000    3.7563
  116.6000   24.7000  118.2000   26.6000    3.7119
  116.2000   28.2000  118.2000   26.6000    3.7207
  115.8000   27.4000  118.6000   24.9000    3.6941
  116.6000   24.7000  118.6000   24.9000    3.7671
  116.1000   24.3000  118.6000   24.9000    3.7541
  119.1000   27.6000  118.6000   24.9000    3.7981
  117.4000   26.0000  118.6000   24.9000    3.7235
  118.1000   26.0000  118.6000   24.9000    3.7731
  116.6000   23.7000  118.6000   24.9000    3.7870
  116.3000   26.3000  118.6000   24.9000    3.7712
  115.7000   27.9000  118.6000   24.9000    3.7532
  115.8000   25.6000  118.6000   24.9000    3.6819
  117.2000   26.9000  118.6000   24.9000    3.7393
  116.2000   28.2000  118.6000   24.9000    3.7602
  118.0000   27.7000  118.6000   24.9000    3.8103
  118.9000   27.4000  118.6000   24.9000    3.8153
  116.6000   27.5000  118.6000   24.9000    3.7456
  117.1000   25.7000  118.6000   24.9000    3.7544
  118.0000   28.4000  118.6000   24.9000    3.7580
  116.2000   23.8000  118.6000   24.9000    3.7902
  117.5000   27.3000  118.6000   24.9000    3.7603
  115.6000   25.0000  118.6000   24.9000    3.7504
  116.5000   25.0000  118.6000   24.9000    3.7849
  119.5000   27.4000  118.6000   24.9000    3.7790
  118.0000   28.4000  119.5000   27.4000    3.6478
  118.2000   25.3000  119.5000   27.4000    3.7709
  118.4000   24.5000  119.5000   27.4000    3.7961
  116.6000   27.5000  119.5000   27.4000    3.7798
  115.7000   27.9000  119.5000   27.4000    3.7833
  116.2000   28.2000  119.5000   27.4000    3.8127
  116.2000   23.8000  119.5000   27.4000    3.7266
  117.4000   26.0000  119.5000   27.4000    3.7047
  116.3000   26.3000  119.5000   27.4000    3.8090
  116.1000   24.3000  119.5000   27.4000    3.7304
  118.0000   27.7000  119.5000   27.4000    3.8286
  117.2000   26.9000  119.5000   27.4000    3.6953
  118.1000   26.0000  119.5000   27.4000    3.7241
  116.6000   24.7000  119.5000   27.4000    3.7443
  117.1000   25.7000  119.5000   27.4000    3.7312
  116.6000   23.7000  119.5000   27.4000    3.7747
  115.6000   25.0000  119.5000   27.4000    3.7986
  117.5000   27.3000  119.5000   27.4000    3.7109
  115.8000   25.6000  119.5000   27.4000    3.7542
  118.4000   24.5000  116.3000   26.3000    3.7518
  115.6000   25.0000  116.3000   26.3000    3.7282
  119.1000   27.6000  116.3000   26.3000    3.7309
  118.0000   28.4000  116.3000   26.3000    3.7225
  115.8000   25.6000  117.5000   27.3000    3.7136
  118.2000   25.3000  117.5000   27.3000    3.7366
  118.1000   26.0000  117.5000   27.3000    3.7015
  116.3000   26.3000  117.5000   27.3000    3.7165
  116.2000   28.2000  117.5000   27.3000    3.7170
  118.0000   28.4000  117.5000   27.3000    3.7561
  117.1000   25.7000  117.5000   27.3000    3.7737
  115.7000   27.9000  117.5000   27.3000    3.7195
  116.6000   24.7000  117.5000   27.3000    3.7684
  116.1000   24.3000  117.5000   27.3000    3.7479
  119.1000   27.6000  117.5000   27.3000    3.7340
  117.4000   26.0000  117.5000   27.3000    3.7998
  118.4000   24.5000  117.5000   27.3000    3.7347
  116.6000   23.7000  117.5000   27.3000    3.7149
  115.8000   27.4000  117.5000   27.3000    3.8566
  116.2000   23.8000  117.5000   27.3000    3.7703
  119.5000   27.4000  116.4000   25.8000    3.6842
  117.2000   26.9000  116.4000   25.8000    3.8106
  118.7000   26.4000  116.4000   25.8000    3.6431
  118.0000   27.7000  116.4000   25.8000    3.7199
  115.7000   27.9000  116.4000   25.8000    3.7773
  115.8000   27.4000  116.4000   25.8000    3.7339
  118.4000   24.5000  116.4000   25.8000    3.7936
  117.4000   23.7000  116.4000   25.8000    3.8007
  117.5000   27.3000  116.4000   25.8000    3.7350
  118.2000   26.6000  116.4000   25.8000    3.7042
  120.3000   27.1000  116.4000   25.8000    3.6584
  116.6000   27.5000  116.4000   25.8000    3.9673
  118.0000   28.4000  116.4000   25.8000    3.8253
  118.6000   24.9000  116.4000   25.8000    3.7191
  116.6000   24.7000  116.4000   25.8000    3.8412
  117.3000   24.4000  116.4000   25.8000    3.7270
  117.5000   25.0000  116.4000   25.8000    3.5998
  118.1000   26.0000  116.4000   25.8000    3.7129
  118.9000   27.4000  116.4000   25.8000    3.7953
  118.2000   25.3000  116.4000   25.8000    3.6966
  116.6000   23.7000  116.4000   25.8000    3.7871
  119.6000   28.0000  116.4000   25.8000    3.7176
  118.5000   27.9000  116.4000   25.8000    3.8021
  115.8000   25.6000  115.7000   27.9000    3.7826
  118.0000   28.4000  115.7000   27.9000    3.7610
  115.6000   25.0000  115.7000   27.9000    3.7089
  119.1000   27.6000  115.7000   27.9000    3.7416
  118.4000   24.5000  115.7000   27.9000    3.7581
  116.3000   26.3000  115.7000   27.9000    3.7291
  115.7000   27.9000  116.6000   23.7000    3.7652
  118.0000   28.4000  116.6000   23.7000    3.7127
  115.6000   25.0000  116.6000   23.7000    3.5867
  115.8000   25.6000  116.6000   23.7000    3.7406
  119.6000   28.0000  116.6000   23.7000    3.7216
  116.3000   26.3000  116.6000   23.7000    3.7620
  119.1000   27.6000  116.6000   23.7000    3.7485
  116.6000   27.5000  116.6000   23.7000    3.7481
  118.4000   24.5000  116.6000   23.7000    3.7596
  116.1000   24.3000  116.6000   23.7000    3.8247
  116.1000   24.3000  117.2000   26.9000    3.7196
  115.7000   27.9000  117.2000   26.9000    3.7502
  118.0000   28.4000  117.2000   26.9000    3.7983
  116.6000   27.5000  117.2000   26.9000    3.9634
  116.3000   26.3000  117.2000   26.9000    3.9393
  118.9000   27.4000  117.2000   26.9000    3.6430
  117.1000   25.7000  117.2000   26.9000    3.7687
  116.6000   23.7000  117.2000   26.9000    3.7836
  116.2000   28.2000  117.2000   26.9000    3.6899
  118.0000   27.7000  117.2000   26.9000    3.7392
  118.2000   25.3000  117.2000   26.9000    3.6758
  117.4000   26.0000  117.2000   26.9000    3.9607
  118.1000   26.0000  117.2000   26.9000    3.7603
  119.1000   27.6000  117.2000   26.9000    3.7489
  115.8000   25.6000  117.2000   26.9000    3.7180
  116.6000   24.7000  117.2000   26.9000    3.7680
  115.8000   27.4000  117.2000   26.9000    3.7454
  116.2000   23.8000  117.2000   26.9000    3.7460
  115.6000   25.0000  117.2000   26.9000    3.7995
  118.4000   24.5000  117.2000   26.9000    3.7581
  118.7000   26.4000  117.4000   23.7000    3.8055
  117.2000   26.9000  117.4000   23.7000    3.7774
  116.6000   27.5000  117.4000   23.7000    3.7474
  116.2000   23.8000  117.4000   23.7000    3.8740
  116.2000   28.2000  117.4000   23.7000    3.7509
  118.1000   26.0000  117.4000   23.7000    3.7871
  119.3000   25.7000  117.4000   23.7000    3.7795
  117.5000   27.3000  117.4000   23.7000    3.7498
  119.4000   26.0000  117.4000   23.7000    3.7848
  120.3000   27.1000  117.4000   23.7000    3.7652
  117.2000   26.4000  117.4000   23.7000    3.7492
  117.5000   25.0000  117.4000   23.7000    3.7953
  116.3000   26.3000  117.4000   23.7000    3.7242
  116.1000   24.3000  117.4000   23.7000    3.8074
  117.4000   26.0000  117.4000   23.7000    3.7660
  118.6000   24.9000  117.4000   23.7000    3.8291
  116.6000   24.7000  117.4000   23.7000    3.7053
  119.0000   25.0000  117.4000   23.7000    3.7824
  118.0000   28.4000  117.4000   23.7000    3.7520
  115.8000   27.4000  117.4000   23.7000    3.7491
  115.7000   27.9000  117.4000   23.7000    3.7343
  119.5000   25.2000  117.4000   23.7000    3.7725
  119.6000   28.0000  117.4000   23.7000    3.7767
  118.4000   24.5000  117.4000   23.7000    3.7437
  118.9000   27.4000  117.4000   23.7000    3.7922
  118.2000   26.6000  117.4000   23.7000    3.8035
  119.0000   25.4000  117.4000   23.7000    3.7590
  119.6000   26.7000  117.4000   23.7000    3.7630
  115.8000   25.6000  117.4000   23.7000    3.7303
  118.5000   27.9000  117.4000   23.7000    3.7490
  119.9000   26.4000  117.4000   23.7000    3.7752
  119.1000   27.6000  117.4000   23.7000    3.7695
  119.8000   25.5000  117.4000   23.7000    3.7934
  118.0000   27.7000  117.4000   23.7000    3.7424
  117.1000   25.7000  117.4000   23.7000    3.7321
  116.5000   25.0000  117.4000   23.7000    3.9047
  115.6000   25.0000  117.4000   23.7000    3.7452
  118.2000   25.3000  117.4000   23.7000    3.7528
  119.5000   27.4000  117.4000   23.7000    3.7712
  118.9000   26.4000  117.4000   23.7000    3.7467
  119.1000   27.6000  115.8000   27.4000    3.7501
  119.6000   28.0000  115.8000   27.4000    3.7108
  115.6000   25.0000  115.8000   27.4000    3.8165
  118.0000   28.4000  115.8000   27.4000    3.6805
  118.4000   24.5000  115.8000   27.4000    3.7268
  119.0000   25.4000  118.5000   27.9000    3.7738
  115.8000   27.4000  118.5000   27.9000    3.7153
  117.1000   25.7000  118.5000   27.9000    3.7452
  115.8000   25.6000  118.5000   27.9000    3.7616
  116.6000   24.7000  118.5000   27.9000    3.7225
  116.2000   23.8000  118.5000   27.9000    3.7601
  116.3000   26.3000  118.5000   27.9000    3.7479
  116.1000   24.3000  118.5000   27.9000    3.7501
  116.6000   27.5000  118.5000   27.9000    3.6810
  119.5000   25.2000  118.5000   27.9000    3.7350
  118.4000   24.5000  118.5000   27.9000    3.7852
  119.5000   27.4000  118.5000   27.9000    3.8878
  118.1000   26.0000  118.5000   27.9000    3.7903
  118.6000   24.9000  118.5000   27.9000    3.7773
  116.6000   23.7000  118.5000   27.9000    3.7454
  117.5000   27.3000  118.5000   27.9000    3.7475
  117.2000   26.9000  118.5000   27.9000    3.7645
  117.3000   24.4000  118.5000   27.9000    3.7623
  119.8000   25.5000  118.5000   27.9000    3.7823
  116.2000   28.2000  118.5000   27.9000    3.8302
  118.2000   25.3000  118.5000   27.9000    3.8051
  119.0000   25.4000  119.9000   26.4000    3.8763
  117.2000   26.4000  119.9000   26.4000    3.8040
  118.0000   28.4000  119.9000   26.4000    3.7064
  116.6000   24.7000  119.9000   26.4000    3.7770
  119.1000   27.6000  119.9000   26.4000    3.7125
  115.8000   25.6000  119.9000   26.4000    3.7607
  116.6000   27.5000  119.9000   26.4000    3.8045
  116.1000   24.3000  119.9000   26.4000    3.7369
  115.6000   25.0000  119.9000   26.4000    3.7360
  116.2000   28.2000  119.9000   26.4000    3.7899
  116.6000   23.7000  119.9000   26.4000    3.7331
  117.6000   24.5000  119.9000   26.4000    3.7424
  119.5000   25.2000  119.9000   26.4000    3.8399
  118.0000   27.7000  119.9000   26.4000    3.7204
  118.2000   25.3000  119.9000   26.4000    3.7257
  117.5000   27.3000  119.9000   26.4000    3.7864
  117.2000   26.9000  119.9000   26.4000    3.7890
  119.5000   27.4000  119.9000   26.4000    3.8299
  116.2000   23.8000  119.9000   26.4000    3.7507
  116.3000   26.3000  119.9000   26.4000    3.7991
  117.3000   24.4000  119.9000   26.4000    3.7405
  118.5000   27.9000  119.9000   26.4000    3.6893
  118.6000   24.9000  119.9000   26.4000    3.7808
  118.4000   24.5000  119.9000   26.4000    3.7464
  117.1000   25.7000  119.9000   26.4000    3.7336
  117.4000   26.0000  119.9000   26.4000    3.8344
  118.2000   26.6000  119.9000   26.4000    3.8536
  118.9000   27.4000  119.9000   26.4000    3.7111
  118.1000   26.0000  119.9000   26.4000    3.7255
  115.7000   27.9000  119.9000   26.4000    3.7916
