   796    3.6634    0.0492       022
  120.4000   23.9000  119.9000   26.2000    3.6469
  115.8000   27.4000  116.2000   23.8000    3.6788
  115.6000   25.0000  116.2000   23.8000    3.6004
  119.6000   28.0000  116.2000   23.8000    3.6592
  116.6000   27.5000  116.2000   23.8000    3.6656
  119.1000   27.6000  116.2000   23.8000    3.6324
  116.3000   26.3000  116.2000   23.8000    3.6989
  115.7000   27.9000  116.2000   23.8000    3.6714
  118.0000   28.4000  116.2000   23.8000    3.6408
  115.8000   25.6000  116.2000   23.8000    3.6375
  116.2000   28.2000  116.2000   23.8000    3.6496
  118.4000   24.5000  116.2000   23.8000    3.6586
  116.3000   26.3000  116.6000   24.7000    3.6447
  115.8000   27.4000  116.6000   24.7000    3.6607
  115.8000   25.6000  116.6000   24.7000    3.6299
  116.2000   28.2000  116.6000   24.7000    3.6698
  118.9000   27.4000  116.6000   24.7000    3.6353
  118.1000   26.0000  116.6000   24.7000    3.6176
  119.6000   28.0000  116.6000   24.7000    3.6548
  116.6000   23.7000  116.6000   24.7000    3.8335
  119.1000   27.6000  116.6000   24.7000    3.6361
  118.0000   28.4000  116.6000   24.7000    3.6353
  116.2000   23.8000  116.6000   24.7000    3.8052
  115.6000   25.0000  116.6000   24.7000    3.7314
  118.4000   24.5000  116.6000   24.7000    3.6467
  115.7000   27.9000  116.6000   24.7000    3.6497
  116.5000   25.0000  118.9000   26.4000    3.5984
  115.8000   27.4000  118.9000   26.4000    3.6870
  116.6000   23.7000  118.9000   26.4000    3.6695
  115.6000   25.0000  118.9000   26.4000    3.6312
  118.6000   24.9000  118.9000   26.4000    3.6750
  117.2000   26.9000  118.9000   26.4000    3.6734
  117.4000   26.0000  118.9000   26.4000    3.7113
  119.8000   25.5000  118.9000   26.4000    3.7618
  116.6000   27.5000  118.9000   26.4000    3.6699
  116.2000   28.2000  118.9000   26.4000    3.6575
  119.5000   27.4000  118.9000   26.4000    3.7085
  117.3000   24.4000  118.9000   26.4000    3.6453
  115.7000   27.9000  118.9000   26.4000    3.6818
  116.2000   23.8000  118.9000   26.4000    3.6456
  118.0000   28.4000  118.9000   26.4000    3.6406
  118.5000   27.9000  118.9000   26.4000    3.6473
  119.1000   27.6000  118.9000   26.4000    3.6290
  117.1000   25.7000  118.9000   26.4000    3.6340
  118.2000   25.3000  118.9000   26.4000    3.6890
  117.5000   27.3000  118.9000   26.4000    3.6607
  116.1000   24.3000  118.9000   26.4000    3.6287
  117.2000   26.4000  118.9000   26.4000    3.7294
  118.0000   27.7000  118.9000   26.4000    3.6276
  119.5000   25.2000  118.9000   26.4000    3.6034
  119.6000   28.0000  118.9000   26.4000    3.5837
  118.4000   24.5000  118.9000   26.4000    3.7066
  115.8000   25.6000  118.9000   26.4000    3.6416
  117.6000   24.5000  118.9000   26.4000    3.6406
  116.3000   26.3000  118.9000   26.4000    3.6914
  116.6000   24.7000  118.9000   26.4000    3.6498
  115.6000   25.0000  119.8000   25.5000    3.5941
  119.5000   27.4000  119.8000   25.5000    3.5605
  118.0000   27.7000  119.8000   25.5000    3.5928
  117.2000   26.9000  119.8000   25.5000    3.7344
  119.1000   27.6000  119.8000   25.5000    3.7504
  117.6000   24.5000  119.8000   25.5000    3.6979
  115.7000   27.9000  119.8000   25.5000    3.7025
  116.6000   27.5000  119.8000   25.5000    3.6562
  117.1000   25.7000  119.8000   25.5000    3.6844
  116.1000   24.3000  119.8000   25.5000    3.7183
  118.4000   24.5000  119.8000   25.5000    3.5644
  118.0000   28.4000  119.8000   25.5000    3.6639
  118.2000   25.3000  119.8000   25.5000    3.7194
  116.6000   23.7000  119.8000   25.5000    3.6562
  118.9000   27.4000  119.8000   25.5000    3.6453
  118.6000   24.9000  119.8000   25.5000    3.7824
  119.6000   28.0000  119.8000   25.5000    3.6893
  116.2000   28.2000  119.8000   25.5000    3.6397
  117.5000   27.3000  119.8000   25.5000    3.6462
  116.1000   24.3000  118.2000   25.3000    3.6076
  116.6000   27.5000  118.2000   25.3000    3.6045
  116.6000   23.7000  118.2000   25.3000    3.6546
  116.6000   24.7000  118.2000   25.3000    3.6288
  118.0000   28.4000  118.2000   25.3000    3.6911
  119.1000   27.6000  118.2000   25.3000    3.6358
  115.8000   25.6000  118.2000   25.3000    3.6366
  115.7000   27.9000  118.2000   25.3000    3.6316
  116.2000   28.2000  118.2000   25.3000    3.6402
  117.6000   24.5000  118.2000   25.3000    3.6870
  118.9000   27.4000  118.2000   25.3000    3.6666
  116.2000   23.8000  118.2000   25.3000    3.6586
  116.3000   26.3000  118.2000   25.3000    3.6692
  115.8000   27.4000  118.2000   25.3000    3.6426
  119.6000   28.0000  115.6000   25.0000    3.5768
  118.4000   24.5000  115.6000   25.0000    3.6469
  119.1000   27.6000  115.6000   25.0000    3.6349
  120.4000   23.9000  118.4000   24.5000    3.7048
  119.1000   27.6000  118.4000   24.5000    3.7136
  119.9000   26.2000  118.4000   24.5000    3.6909
  118.2000   25.3000  117.3000   24.4000    3.6159
  116.1000   24.3000  117.3000   24.4000    3.7640
  119.1000   27.6000  117.3000   24.4000    3.6361
  119.0000   25.4000  117.3000   24.4000    3.6957
  118.0000   28.4000  117.3000   24.4000    3.6620
  115.7000   27.9000  117.3000   24.4000    3.6191
  118.4000   24.5000  117.3000   24.4000    3.7762
  118.0000   27.7000  117.3000   24.4000    3.6524
  116.2000   23.8000  117.3000   24.4000    3.6761
  117.5000   27.3000  117.3000   24.4000    3.6364
  117.4000   26.0000  117.3000   24.4000    3.7152
  116.3000   26.3000  117.3000   24.4000    3.5769
  118.6000   24.9000  117.3000   24.4000    3.8232
  116.6000   27.5000  117.3000   24.4000    3.6362
  116.6000   23.7000  117.3000   24.4000    3.7854
  116.2000   28.2000  117.3000   24.4000    3.6372
  116.5000   25.0000  117.3000   24.4000    3.7766
  117.2000   26.9000  117.3000   24.4000    3.6738
  118.9000   27.4000  117.3000   24.4000    3.6378
  115.8000   27.4000  117.3000   24.4000    3.6501
  119.8000   25.5000  117.3000   24.4000    3.7971
  119.5000   27.4000  117.3000   24.4000    3.6426
  118.1000   26.0000  117.3000   24.4000    3.6325
  115.6000   25.0000  117.3000   24.4000    3.5814
  117.1000   25.7000  117.3000   24.4000    3.6948
  115.8000   25.6000  117.3000   24.4000    3.6415
  119.5000   25.2000  117.3000   24.4000    3.7232
  115.6000   25.0000  116.6000   27.5000    3.6986
  116.3000   26.3000  116.6000   27.5000    3.7255
  119.1000   27.6000  116.6000   27.5000    3.6161
  118.0000   28.4000  116.6000   27.5000    3.6423
  118.4000   24.5000  116.6000   27.5000    3.6362
  118.0000   28.4000  118.1000   26.0000    3.6631
  118.9000   27.4000  118.1000   26.0000    3.6578
  116.6000   23.7000  118.1000   26.0000    3.6216
  115.8000   27.4000  118.1000   26.0000    3.6394
  115.7000   27.9000  118.1000   26.0000    3.6611
  116.3000   26.3000  118.1000   26.0000    3.5935
  116.2000   23.8000  118.1000   26.0000    3.6401
  116.1000   24.3000  118.1000   26.0000    3.6421
  116.2000   28.2000  118.1000   26.0000    3.6320
  117.6000   24.5000  118.1000   26.0000    3.5715
  115.8000   25.6000  118.1000   26.0000    3.6631
  116.6000   27.5000  118.1000   26.0000    3.6270
  118.4000   24.5000  118.1000   26.0000    3.6789
  119.6000   28.0000  118.1000   26.0000    3.6229
  115.6000   25.0000  118.1000   26.0000    3.6494
  119.1000   27.6000  118.1000   26.0000    3.6330
  116.1000   24.3000  119.5000   25.2000    3.6901
  117.5000   27.3000  119.5000   25.2000    3.6821
  118.9000   27.4000  119.5000   25.2000    3.6951
  118.4000   24.5000  119.5000   25.2000    3.7004
  118.1000   26.0000  119.5000   25.2000    3.6888
  117.4000   26.0000  119.5000   25.2000    3.6469
  119.5000   27.4000  119.5000   25.2000    3.7338
  116.6000   24.7000  119.5000   25.2000    3.7039
  116.6000   27.5000  119.5000   25.2000    3.6729
  115.6000   25.0000  119.5000   25.2000    3.6590
  119.1000   27.6000  119.5000   25.2000    3.6431
  116.2000   28.2000  119.5000   25.2000    3.6746
  118.0000   27.7000  119.5000   25.2000    3.6822
  117.2000   26.9000  119.5000   25.2000    3.6781
  115.8000   27.4000  119.5000   25.2000    3.6792
  118.0000   28.4000  119.5000   25.2000    3.6497
  117.6000   24.5000  119.5000   25.2000    3.7054
  116.3000   26.3000  119.5000   25.2000    3.6631
  116.6000   23.7000  119.5000   25.2000    3.7032
  115.8000   25.6000  119.5000   25.2000    3.6449
  117.1000   25.7000  119.5000   25.2000    3.6445
  115.7000   27.9000  119.5000   25.2000    3.6779
  117.4000   26.0000  119.4000   26.0000    3.6695
  116.3000   26.3000  119.4000   26.0000    3.6586
  116.6000   27.5000  119.4000   26.0000    3.6725
  117.5000   27.3000  119.4000   26.0000    3.6679
  118.1000   26.0000  119.4000   26.0000    3.8345
  117.3000   24.4000  119.4000   26.0000    3.6937
  115.7000   27.9000  119.4000   26.0000    3.6761
  117.2000   26.9000  119.4000   26.0000    3.6819
  115.8000   25.6000  119.4000   26.0000    3.6673
  116.1000   24.3000  119.4000   26.0000    3.6430
  119.1000   27.6000  119.4000   26.0000    3.7040
  118.0000   28.4000  119.4000   26.0000    3.6485
  119.6000   28.0000  119.4000   26.0000    3.6431
  116.6000   23.7000  119.4000   26.0000    3.6962
  117.2000   26.4000  119.4000   26.0000    3.6709
  116.2000   28.2000  119.4000   26.0000    3.6505
  118.6000   24.9000  119.4000   26.0000    3.6847
  116.6000   24.7000  119.4000   26.0000    3.6066
  118.2000   25.3000  119.4000   26.0000    3.7268
  117.5000   25.0000  119.4000   26.0000    3.6374
  119.0000   25.0000  119.4000   26.0000    3.7769
  118.0000   27.7000  119.4000   26.0000    3.6450
  118.2000   26.6000  119.4000   26.0000    3.7023
  119.5000   27.4000  119.4000   26.0000    3.6837
  118.5000   27.9000  119.4000   26.0000    3.6725
  118.9000   27.4000  119.4000   26.0000    3.6190
  116.2000   23.8000  119.4000   26.0000    3.6665
  118.4000   24.5000  119.4000   26.0000    3.6828
  115.6000   25.0000  119.4000   26.0000    3.6599
  117.1000   25.7000  119.4000   26.0000    3.6970
  115.7000   27.9000  119.6000   26.7000    3.6720
  118.0000   28.4000  119.6000   26.7000    3.5979
  116.2000   23.8000  119.6000   26.7000    3.6606
  117.1000   25.7000  119.6000   26.7000    3.6481
  118.0000   27.7000  119.6000   26.7000    3.5831
  119.5000   25.2000  119.6000   26.7000    3.7610
  117.6000   24.5000  119.6000   26.7000    3.6982
  118.5000   27.9000  119.6000   26.7000    3.5726
  117.2000   26.9000  119.6000   26.7000    3.7065
  117.3000   24.4000  119.6000   26.7000    3.6775
  116.6000   23.7000  119.6000   26.7000    3.6763
  116.6000   27.5000  119.6000   26.7000    3.6697
  116.2000   28.2000  119.6000   26.7000    3.6797
  116.3000   26.3000  119.6000   26.7000    3.6713
  116.1000   24.3000  119.6000   26.7000    3.6366
  115.8000   25.6000  119.6000   26.7000    3.6288
  119.6000   28.0000  119.6000   26.7000    3.8350
  118.1000   26.0000  119.6000   26.7000    3.6155
  118.4000   24.5000  119.6000   26.7000    3.6770
  118.6000   24.9000  119.6000   26.7000    3.6485
  117.4000   26.0000  119.6000   26.7000    3.6407
  115.8000   27.4000  119.6000   26.7000    3.6944
  119.1000   27.6000  119.6000   26.7000    3.5787
  119.0000   25.4000  119.6000   26.7000    3.6708
  119.8000   25.5000  119.6000   26.7000    3.7801
  118.2000   26.6000  119.6000   26.7000    3.7676
  118.2000   25.3000  119.6000   26.7000    3.6672
  118.9000   27.4000  119.6000   26.7000    3.6631
  116.6000   24.7000  119.6000   26.7000    3.6269
  115.6000   25.0000  119.6000   26.7000    3.6471
  117.5000   27.3000  119.6000   26.7000    3.6882
  116.5000   25.0000  119.6000   26.7000    3.6018
  118.0000   27.7000  119.0000   25.0000    3.6800
  116.2000   23.8000  119.0000   25.0000    3.6675
  117.5000   27.3000  119.0000   25.0000    3.6662
  118.5000   27.9000  119.0000   25.0000    3.6851
  116.6000   24.7000  119.0000   25.0000    3.7088
  115.6000   25.0000  119.0000   25.0000    3.6851
  115.7000   27.9000  119.0000   25.0000    3.6690
  117.3000   24.4000  119.0000   25.0000    3.6801
  117.4000   26.0000  119.0000   25.0000    3.6938
  118.9000   27.4000  119.0000   25.0000    3.6300
  119.5000   27.4000  119.0000   25.0000    3.7173
  118.2000   26.6000  119.0000   25.0000    3.6595
  115.8000   27.4000  119.0000   25.0000    3.6642
  118.1000   26.0000  119.0000   25.0000    3.6677
  116.6000   23.7000  119.0000   25.0000    3.7264
  115.8000   25.6000  119.0000   25.0000    3.6496
  116.2000   28.2000  119.0000   25.0000    3.6529
  116.6000   27.5000  119.0000   25.0000    3.6428
  119.6000   28.0000  119.0000   25.0000    3.7934
  119.9000   26.4000  119.0000   25.0000    3.6702
  117.1000   25.7000  119.0000   25.0000    3.6490
  117.2000   26.4000  119.0000   25.0000    3.6721
  119.6000   26.7000  119.0000   25.0000    3.6821
  116.1000   24.3000  119.0000   25.0000    3.6635
  116.3000   26.3000  119.0000   25.0000    3.6725
  119.1000   27.6000  119.0000   25.0000    3.7114
  118.0000   28.4000  119.0000   25.0000    3.6651
  117.2000   26.9000  119.0000   25.0000    3.6539
  117.5000   27.3000  116.5000   25.0000    3.5391
  118.1000   26.0000  116.5000   25.0000    3.6203
  116.2000   23.8000  116.5000   25.0000    3.6768
  116.3000   26.3000  116.5000   25.0000    3.7456
  115.8000   27.4000  116.5000   25.0000    3.6823
  118.4000   24.5000  116.5000   25.0000    3.7349
  117.4000   26.0000  116.5000   25.0000    3.5768
  117.1000   25.7000  116.5000   25.0000    3.8340
  115.7000   27.9000  116.5000   25.0000    3.6462
  115.8000   25.6000  116.5000   25.0000    3.7621
  118.9000   27.4000  116.5000   25.0000    3.6122
  118.0000   28.4000  118.9000   27.4000    3.5183
  115.8000   25.6000  118.9000   27.4000    3.6249
  119.6000   28.0000  118.9000   27.4000    3.7612
  115.8000   27.4000  118.9000   27.4000    3.6372
  116.3000   26.3000  118.9000   27.4000    3.6582
  116.1000   24.3000  118.9000   27.4000    3.6270
  116.6000   23.7000  118.9000   27.4000    3.6330
  117.6000   24.5000  118.9000   27.4000    3.6205
  118.4000   24.5000  118.9000   27.4000    3.7155
  115.6000   25.0000  118.9000   27.4000    3.6597
  116.2000   23.8000  118.9000   27.4000    3.6404
  116.6000   27.5000  118.9000   27.4000    3.6884
  116.6000   27.5000  117.6000   24.5000    3.6627
  115.8000   25.6000  117.6000   24.5000    3.6606
  115.8000   27.4000  117.6000   24.5000    3.6334
  116.6000   23.7000  117.6000   24.5000    3.8143
  115.7000   27.9000  117.6000   24.5000    3.5757
  116.3000   26.3000  117.6000   24.5000    3.5609
  118.2000   25.3000  117.4000   26.0000    3.7258
  116.1000   24.3000  117.4000   26.0000    3.6247
  116.2000   28.2000  117.4000   26.0000    3.6216
  116.6000   27.5000  117.4000   26.0000    3.5676
  116.2000   23.8000  117.4000   26.0000    3.6196
  116.6000   23.7000  117.4000   26.0000    3.6284
  116.6000   24.7000  117.4000   26.0000    3.6099
  115.8000   25.6000  117.4000   26.0000    3.6374
  119.6000   28.0000  117.4000   26.0000    3.6946
  118.4000   24.5000  117.4000   26.0000    3.5976
  118.9000   27.4000  117.4000   26.0000    3.6126
  115.6000   25.0000  117.4000   26.0000    3.5872
  116.3000   26.3000  117.4000   26.0000    3.6894
  119.1000   27.6000  117.4000   26.0000    3.6262
  115.7000   27.9000  117.4000   26.0000    3.6146
  118.0000   28.4000  117.4000   26.0000    3.6533
  115.8000   27.4000  117.4000   26.0000    3.5867
  119.5000   27.4000  118.7000   26.4000    3.7322
  118.2000   25.3000  118.7000   26.4000    3.6634
  119.8000   25.5000  118.7000   26.4000    3.7875
  118.4000   24.5000  118.7000   26.4000    3.6762
  117.2000   26.9000  118.7000   26.4000    3.8177
  115.7000   27.9000  118.7000   26.4000    3.6884
  119.5000   25.2000  118.7000   26.4000    3.5573
  118.5000   27.9000  118.7000   26.4000    3.6773
  117.5000   27.3000  118.7000   26.4000    3.7868
  119.0000   25.0000  118.7000   26.4000    3.7306
  117.5000   25.0000  118.7000   26.4000    3.6326
  115.8000   27.4000  118.7000   26.4000    3.6809
  119.1000   27.6000  118.7000   26.4000    3.6941
  118.6000   24.9000  118.7000   26.4000    3.7648
  116.2000   23.8000  118.7000   26.4000    3.5689
  116.6000   24.7000  118.7000   26.4000    3.5986
  118.0000   27.7000  118.7000   26.4000    3.7429
  119.6000   28.0000  118.7000   26.4000    3.5627
  116.5000   25.0000  118.7000   26.4000    3.6805
  116.2000   28.2000  118.7000   26.4000    3.6619
  118.0000   28.4000  118.7000   26.4000    3.6276
  117.1000   25.7000  118.7000   26.4000    3.5716
  117.3000   24.4000  118.7000   26.4000    3.6872
  116.3000   26.3000  117.1000   25.7000    3.7175
  115.7000   27.9000  117.1000   25.7000    3.6080
  118.1000   26.0000  117.1000   25.7000    3.7514
  118.4000   24.5000  117.1000   25.7000    3.6428
  116.6000   27.5000  117.1000   25.7000    3.6046
  118.9000   27.4000  117.1000   25.7000    3.6324
  119.1000   27.6000  117.1000   25.7000    3.6492
  116.1000   24.3000  117.1000   25.7000    3.5968
  116.2000   23.8000  117.1000   25.7000    3.5960
  116.2000   28.2000  117.1000   25.7000    3.6206
  118.0000   28.4000  117.1000   25.7000    3.6602
  116.6000   24.7000  117.1000   25.7000    3.6558
  115.8000   27.4000  117.1000   25.7000    3.5796
  119.6000   28.0000  117.1000   25.7000    3.6509
  115.8000   25.6000  117.1000   25.7000    3.7260
  117.6000   24.5000  117.1000   25.7000    3.5716
  116.6000   23.7000  117.1000   25.7000    3.6634
  118.2000   25.3000  117.1000   25.7000    3.7548
  115.6000   25.0000  118.0000   28.4000    3.6507
  118.4000   24.5000  118.0000   28.4000    3.6488
  119.1000   27.6000  118.0000   28.4000    3.5796
  118.1000   26.0000  118.0000   27.7000    3.7194
  118.9000   27.4000  118.0000   27.7000    3.6951
  119.6000   28.0000  118.0000   27.7000    3.5200
  118.2000   25.3000  118.0000   27.7000    3.6739
  116.6000   23.7000  118.0000   27.7000    3.6455
  115.8000   27.4000  118.0000   27.7000    3.6825
  116.1000   24.3000  118.0000   27.7000    3.6324
  115.8000   25.6000  118.0000   27.7000    3.6397
  116.2000   23.8000  118.0000   27.7000    3.6460
  116.2000   28.2000  118.0000   27.7000    3.6974
  116.6000   24.7000  118.0000   27.7000    3.6325
  115.7000   27.9000  118.0000   27.7000    3.7485
  116.3000   26.3000  118.0000   27.7000    3.6229
  118.4000   24.5000  118.0000   27.7000    3.7150
  117.4000   26.0000  118.0000   27.7000    3.6362
  116.6000   27.5000  118.0000   27.7000    3.7153
  117.1000   25.7000  118.0000   27.7000    3.6255
  116.6000   27.5000  117.2000   26.4000    3.5507
  118.4000   24.5000  117.2000   26.4000    3.6134
  118.9000   27.4000  117.2000   26.4000    3.6193
  119.0000   25.4000  117.2000   26.4000    3.6985
  119.6000   26.7000  117.2000   26.4000    3.6713
  118.6000   24.9000  117.2000   26.4000    3.6396
  118.5000   27.9000  117.2000   26.4000    3.6256
  119.1000   27.6000  117.2000   26.4000    3.6217
  116.1000   24.3000  117.2000   26.4000    3.6121
  117.6000   24.5000  117.2000   26.4000    3.7608
  117.5000   27.3000  117.2000   26.4000    3.7959
  116.6000   23.7000  117.2000   26.4000    3.6507
  116.2000   28.2000  117.2000   26.4000    3.6247
  119.5000   25.2000  117.2000   26.4000    3.6804
  118.0000   27.7000  117.2000   26.4000    3.6162
  116.6000   24.7000  117.2000   26.4000    3.6220
  115.7000   27.9000  117.2000   26.4000    3.5985
  119.5000   27.4000  117.2000   26.4000    3.6272
  118.2000   25.3000  117.2000   26.4000    3.6095
  118.1000   26.0000  117.2000   26.4000    3.7482
  116.2000   23.8000  117.2000   26.4000    3.6338
  117.3000   24.4000  117.2000   26.4000    3.6841
  118.0000   28.4000  117.2000   26.4000    3.6392
  118.2000   26.6000  117.2000   26.4000    3.8223
  115.6000   25.0000  117.2000   26.4000    3.6087
  115.8000   25.6000  117.2000   26.4000    3.6256
  116.5000   25.0000  117.2000   26.4000    3.6732
  116.3000   26.3000  119.3000   25.7000    3.6073
  119.5000   27.4000  119.3000   25.7000    3.6606
  117.1000   25.7000  119.3000   25.7000    3.6507
  118.4000   24.5000  119.3000   25.7000    3.6729
  115.7000   27.9000  119.3000   25.7000    3.6612
  116.6000   27.5000  119.3000   25.7000    3.6796
  117.3000   24.4000  119.3000   25.7000    3.6670
  118.0000   27.7000  119.3000   25.7000    3.6502
  116.2000   28.2000  119.3000   25.7000    3.6699
  118.1000   26.0000  119.3000   25.7000    3.7521
  116.5000   25.0000  119.3000   25.7000    3.7420
  115.6000   25.0000  119.3000   25.7000    3.6700
  116.2000   23.8000  119.3000   25.7000    3.6557
  117.4000   26.0000  119.3000   25.7000    3.6330
  118.2000   26.6000  119.3000   25.7000    3.6315
  115.8000   25.6000  119.3000   25.7000    3.6617
  119.1000   27.6000  119.3000   25.7000    3.6650
  119.9000   26.4000  119.3000   25.7000    3.8098
  117.5000   25.0000  119.3000   25.7000    3.6635
  118.6000   24.9000  119.3000   25.7000    3.7462
  118.9000   27.4000  119.3000   25.7000    3.6368
  117.5000   27.3000  119.3000   25.7000    3.6433
  119.6000   28.0000  119.3000   25.7000    3.6449
  117.6000   24.5000  119.3000   25.7000    3.6299
  116.6000   23.7000  119.3000   25.7000    3.6900
  116.6000   24.7000  119.3000   25.7000    3.6422
  118.0000   28.4000  119.3000   25.7000    3.6545
  117.2000   26.4000  119.3000   25.7000    3.6351
  117.2000   26.9000  119.3000   25.7000    3.6848
  116.1000   24.3000  119.3000   25.7000    3.6365
  119.6000   26.7000  119.3000   25.7000    3.7504
  118.5000   27.9000  119.3000   25.7000    3.6674
  118.9000   26.4000  119.3000   25.7000    3.7986
  115.8000   27.4000  119.3000   25.7000    3.6873
  119.0000   25.4000  117.5000   25.0000    3.7533
  118.9000   26.4000  117.5000   25.0000    3.6403
  115.7000   27.9000  117.5000   25.0000    3.6052
  116.3000   26.3000  117.5000   25.0000    3.5716
  117.4000   26.0000  117.5000   25.0000    3.7466
  119.6000   26.7000  117.5000   25.0000    3.6731
  118.2000   26.6000  117.5000   25.0000    3.6441
  117.5000   27.3000  117.5000   25.0000    3.6669
  119.5000   25.2000  117.5000   25.0000    3.6871
  115.8000   27.4000  117.5000   25.0000    3.6217
  116.6000   27.5000  117.5000   25.0000    3.6082
  115.6000   25.0000  117.5000   25.0000    3.5680
  119.8000   25.5000  117.5000   25.0000    3.6566
  119.1000   27.6000  117.5000   25.0000    3.6263
  118.9000   27.4000  117.5000   25.0000    3.6246
  119.5000   27.4000  117.5000   25.0000    3.6252
  117.1000   25.7000  117.5000   25.0000    3.6319
  116.1000   24.3000  117.5000   25.0000    3.6378
  116.2000   23.8000  117.5000   25.0000    3.6252
  119.0000   25.0000  117.5000   25.0000    3.7266
  117.2000   26.4000  117.5000   25.0000    3.5913
  118.0000   28.4000  117.5000   25.0000    3.6449
  118.6000   24.9000  117.5000   25.0000    3.8127
  118.5000   27.9000  117.5000   25.0000    3.6690
  118.0000   27.7000  117.5000   25.0000    3.6689
  117.2000   26.9000  117.5000   25.0000    3.6029
  118.4000   24.5000  117.5000   25.0000    3.7905
  118.1000   26.0000  117.5000   25.0000    3.6552
  116.6000   23.7000  117.5000   25.0000    3.6260
  119.9000   26.4000  117.5000   25.0000    3.6750
  115.8000   25.6000  117.5000   25.0000    3.5326
  116.2000   28.2000  117.5000   25.0000    3.6116
  115.8000   27.4000  116.2000   28.2000    3.7923
  118.4000   24.5000  116.2000   28.2000    3.6368
  116.3000   26.3000  116.2000   28.2000    3.6515
  118.0000   28.4000  116.2000   28.2000    3.6838
  116.6000   27.5000  116.2000   28.2000    3.7630
  119.1000   27.6000  116.2000   28.2000    3.6648
  115.6000   25.0000  116.2000   28.2000    3.6400
  118.0000   27.7000  120.3000   27.1000    3.7227
  119.0000   25.4000  120.3000   27.1000    3.6530
  116.2000   28.2000  120.3000   27.1000    3.6984
  118.1000   26.0000  120.3000   27.1000    3.6498
  118.7000   26.4000  120.3000   27.1000    3.6834
  116.6000   27.5000  120.3000   27.1000    3.6310
  117.1000   25.7000  120.3000   27.1000    3.6541
  118.9000   26.4000  120.3000   27.1000    3.7094
  116.3000   26.3000  120.3000   27.1000    3.6918
  118.6000   24.9000  120.3000   27.1000    3.6840
  117.4000   26.0000  120.3000   27.1000    3.6457
  119.4000   26.0000  120.3000   27.1000    3.6335
  119.1000   27.6000  120.3000   27.1000    3.6932
  118.2000   26.6000  120.3000   27.1000    3.6460
  118.0000   28.4000  120.3000   27.1000    3.6347
  117.5000   27.3000  120.3000   27.1000    3.6524
  115.8000   25.6000  120.3000   27.1000    3.6334
  119.5000   25.2000  120.3000   27.1000    3.6676
  116.1000   24.3000  120.3000   27.1000    3.6513
  116.5000   25.0000  120.3000   27.1000    3.6930
  115.6000   25.0000  120.3000   27.1000    3.6313
  118.5000   27.9000  120.3000   27.1000    3.6810
  118.4000   24.5000  120.3000   27.1000    3.6831
  115.8000   27.4000  120.3000   27.1000    3.6646
  117.2000   26.9000  120.3000   27.1000    3.6805
  117.2000   26.4000  120.3000   27.1000    3.6853
  116.2000   23.8000  120.3000   27.1000    3.6727
  117.3000   24.4000  120.3000   27.1000    3.6947
  118.9000   27.4000  120.3000   27.1000    3.7836
  117.5000   25.0000  120.3000   27.1000    3.6697
  119.3000   25.7000  120.3000   27.1000    3.6463
  116.6000   24.7000  120.3000   27.1000    3.6540
  116.6000   23.7000  120.3000   27.1000    3.6786
  119.0000   25.0000  120.3000   27.1000    3.6748
  119.6000   28.0000  120.3000   27.1000    3.5915
  119.6000   28.0000  115.8000   25.6000    3.6493
  118.4000   24.5000  115.8000   25.6000    3.6516
  116.2000   28.2000  115.8000   25.6000    3.6280
  116.6000   27.5000  115.8000   25.6000    3.6459
  118.0000   28.4000  115.8000   25.6000    3.6344
  119.1000   27.6000  115.8000   25.6000    3.6344
  116.3000   26.3000  115.8000   25.6000    3.7278
  115.8000   27.4000  115.8000   25.6000    3.5882
  116.2000   28.2000  116.1000   24.3000    3.6689
  115.6000   25.0000  116.1000   24.3000    3.6728
  118.4000   24.5000  116.1000   24.3000    3.7098
  118.0000   28.4000  116.1000   24.3000    3.6487
  116.6000   27.5000  116.1000   24.3000    3.6347
  119.1000   27.6000  116.1000   24.3000    3.6202
  115.8000   27.4000  116.1000   24.3000    3.6596
  116.3000   26.3000  116.1000   24.3000    3.6948
  119.6000   28.0000  116.1000   24.3000    3.6203
  115.7000   27.9000  116.1000   24.3000    3.6823
  115.8000   25.6000  116.1000   24.3000    3.6302
  116.3000   26.3000  119.0000   25.4000    3.6447
  116.2000   23.8000  119.0000   25.4000    3.6657
  118.0000   27.7000  119.0000   25.4000    3.6679
  118.1000   26.0000  119.0000   25.4000    3.7592
  116.6000   24.7000  119.0000   25.4000    3.6717
  115.8000   25.6000  119.0000   25.4000    3.6532
  119.1000   27.6000  119.0000   25.4000    3.6929
  117.1000   25.7000  119.0000   25.4000    3.6009
  117.2000   26.9000  119.0000   25.4000    3.6739
  116.1000   24.3000  119.0000   25.4000    3.6591
  119.5000   27.4000  119.0000   25.4000    3.6766
  116.6000   23.7000  119.0000   25.4000    3.6902
  116.6000   27.5000  119.0000   25.4000    3.6507
  115.7000   27.9000  119.0000   25.4000    3.6737
  119.6000   28.0000  119.0000   25.4000    3.6775
  117.6000   24.5000  119.0000   25.4000    3.6977
  117.5000   27.3000  119.0000   25.4000    3.6555
  118.0000   28.4000  119.0000   25.4000    3.6726
  117.4000   26.0000  119.0000   25.4000    3.6619
  116.2000   28.2000  119.0000   25.4000    3.6520
  118.4000   24.5000  119.0000   25.4000    3.7819
  116.5000   25.0000  118.2000   26.6000    3.6667
  117.5000   27.3000  118.2000   26.6000    3.6677
  115.8000   27.4000  118.2000   26.6000    3.6368
  118.6000   24.9000  118.2000   26.6000    3.6731
  119.5000   27.4000  118.2000   26.6000    3.6355
  118.9000   27.4000  118.2000   26.6000    3.7177
  117.3000   24.4000  118.2000   26.6000    3.6500
  118.0000   27.7000  118.2000   26.6000    3.8183
  115.7000   27.9000  118.2000   26.6000    3.6712
  116.6000   23.7000  118.2000   26.6000    3.6417
  118.0000   28.4000  118.2000   26.6000    3.6651
  117.4000   26.0000  118.2000   26.6000    3.7748
  119.0000   25.4000  118.2000   26.6000    3.6390
  118.4000   24.5000  118.2000   26.6000    3.6598
  116.1000   24.3000  118.2000   26.6000    3.6474
  117.1000   25.7000  118.2000   26.6000    3.5688
  116.6000   27.5000  118.2000   26.6000    3.6752
  119.6000   28.0000  118.2000   26.6000    3.5291
  118.5000   27.9000  118.2000   26.6000    3.6109
  115.8000   25.6000  118.2000   26.6000    3.6159
  117.6000   24.5000  118.2000   26.6000    3.6879
  116.2000   23.8000  118.2000   26.6000    3.6376
  118.2000   25.3000  118.2000   26.6000    3.7347
  116.3000   26.3000  118.2000   26.6000    3.7055
  119.5000   25.2000  118.2000   26.6000    3.6567
  119.1000   27.6000  118.2000   26.6000    3.6143
  116.6000   24.7000  118.2000   26.6000    3.6223
  116.2000   28.2000  118.2000   26.6000    3.6363
  115.8000   27.4000  118.6000   24.9000    3.6200
  116.6000   24.7000  118.6000   24.9000    3.6966
  116.1000   24.3000  118.6000   24.9000    3.6558
  119.1000   27.6000  118.6000   24.9000    3.7052
  117.4000   26.0000  118.6000   24.9000    3.6378
  118.1000   26.0000  118.6000   24.9000    3.6286
  116.6000   23.7000  118.6000   24.9000    3.7184
  116.3000   26.3000  118.6000   24.9000    3.6667
  115.7000   27.9000  118.6000   24.9000    3.6524
  115.8000   25.6000  118.6000   24.9000    3.5945
  117.2000   26.9000  118.6000   24.9000    3.6505
  116.2000   28.2000  118.6000   24.9000    3.6606
  118.0000   27.7000  118.6000   24.9000    3.6999
  118.9000   27.4000  118.6000   24.9000    3.7366
  116.6000   27.5000  118.6000   24.9000    3.6431
  117.1000   25.7000  118.6000   24.9000    3.6818
  118.0000   28.4000  118.6000   24.9000    3.6487
  116.2000   23.8000  118.6000   24.9000    3.6673
  117.5000   27.3000  118.6000   24.9000    3.6688
  115.6000   25.0000  118.6000   24.9000    3.6514
  116.5000   25.0000  118.6000   24.9000    3.6893
  119.5000   27.4000  118.6000   24.9000    3.6679
  118.0000   28.4000  119.5000   27.4000    3.5731
  118.2000   25.3000  119.5000   27.4000    3.6495
  118.4000   24.5000  119.5000   27.4000    3.6874
  116.6000   27.5000  119.5000   27.4000    3.6719
  115.7000   27.9000  119.5000   27.4000    3.6637
  116.2000   28.2000  119.5000   27.4000    3.6793
  116.2000   23.8000  119.5000   27.4000    3.6374
  117.4000   26.0000  119.5000   27.4000    3.6350
  116.3000   26.3000  119.5000   27.4000    3.6786
  116.1000   24.3000  119.5000   27.4000    3.6404
  118.0000   27.7000  119.5000   27.4000    3.7075
  117.2000   26.9000  119.5000   27.4000    3.6469
  118.1000   26.0000  119.5000   27.4000    3.6442
  116.6000   24.7000  119.5000   27.4000    3.6483
  117.1000   25.7000  119.5000   27.4000    3.6421
  116.6000   23.7000  119.5000   27.4000    3.6503
  115.6000   25.0000  119.5000   27.4000    3.6496
  117.5000   27.3000  119.5000   27.4000    3.6955
  115.8000   25.6000  119.5000   27.4000    3.6452
  118.4000   24.5000  116.3000   26.3000    3.6570
  115.6000   25.0000  116.3000   26.3000    3.6169
  119.1000   27.6000  116.3000   26.3000    3.6264
  118.0000   28.4000  116.3000   26.3000    3.6241
  115.8000   25.6000  117.5000   27.3000    3.6327
  118.2000   25.3000  117.5000   27.3000    3.6500
  118.1000   26.0000  117.5000   27.3000    3.6128
  116.3000   26.3000  117.5000   27.3000    3.6103
  116.2000   28.2000  117.5000   27.3000    3.6549
  118.0000   28.4000  117.5000   27.3000    3.6470
  117.1000   25.7000  117.5000   27.3000    3.6467
  115.7000   27.9000  117.5000   27.3000    3.5834
  116.6000   24.7000  117.5000   27.3000    3.6442
  116.1000   24.3000  117.5000   27.3000    3.6391
  119.1000   27.6000  117.5000   27.3000    3.6648
  117.4000   26.0000  117.5000   27.3000    3.6860
  118.4000   24.5000  117.5000   27.3000    3.6384
  115.6000   25.0000  117.5000   27.3000    3.6500
  116.6000   23.7000  117.5000   27.3000    3.6243
  115.8000   27.4000  117.5000   27.3000    3.6886
  116.6000   27.5000  117.5000   27.3000    3.7228
  116.2000   23.8000  117.5000   27.3000    3.6558
  119.5000   27.4000  116.4000   25.8000    3.6212
  117.2000   26.9000  116.4000   25.8000    3.5804
  118.7000   26.4000  116.4000   25.8000    3.6182
  118.0000   27.7000  116.4000   25.8000    3.6301
  115.7000   27.9000  116.4000   25.8000    3.6618
  115.8000   27.4000  116.4000   25.8000    3.6733
  118.4000   24.5000  116.4000   25.8000    3.6984
  117.4000   23.7000  116.4000   25.8000    3.6590
  117.5000   27.3000  116.4000   25.8000    3.6133
  118.2000   26.6000  116.4000   25.8000    3.6141
  120.3000   27.1000  116.4000   25.8000    3.6042
  116.2000   23.8000  116.4000   25.8000    3.7754
  116.6000   27.5000  116.4000   25.8000    3.7561
  118.0000   28.4000  116.4000   25.8000    3.6614
  116.1000   24.3000  116.4000   25.8000    3.6983
  118.6000   24.9000  116.4000   25.8000    3.6284
  116.6000   24.7000  116.4000   25.8000    3.6934
  116.2000   28.2000  116.4000   25.8000    3.7147
  117.3000   24.4000  116.4000   25.8000    3.5670
  117.5000   25.0000  116.4000   25.8000    3.5857
  115.6000   25.0000  116.4000   25.8000    3.7388
  118.1000   26.0000  116.4000   25.8000    3.6694
  118.9000   26.4000  116.4000   25.8000    3.6253
  119.6000   26.7000  116.4000   25.8000    3.6236
  118.9000   27.4000  116.4000   25.8000    3.6291
  119.4000   26.0000  116.4000   25.8000    3.6944
  118.2000   25.3000  116.4000   25.8000    3.5853
  116.6000   23.7000  116.4000   25.8000    3.6731
  117.4000   26.0000  116.4000   25.8000    3.8223
  119.3000   25.7000  116.4000   25.8000    3.6574
  119.6000   28.0000  116.4000   25.8000    3.6367
  118.5000   27.9000  116.4000   25.8000    3.6519
  115.8000   25.6000  115.7000   27.9000    3.6958
  118.0000   28.4000  115.7000   27.9000    3.6885
  115.6000   25.0000  115.7000   27.9000    3.6569
  119.1000   27.6000  115.7000   27.9000    3.5949
  118.4000   24.5000  115.7000   27.9000    3.6501
  116.3000   26.3000  115.7000   27.9000    3.6344
  115.7000   27.9000  116.6000   23.7000    3.6492
  118.0000   28.4000  116.6000   23.7000    3.6283
  115.6000   25.0000  116.6000   23.7000    3.5899
  115.8000   25.6000  116.6000   23.7000    3.6136
  119.6000   28.0000  116.6000   23.7000    3.6418
  116.3000   26.3000  116.6000   23.7000    3.6937
  119.1000   27.6000  116.6000   23.7000    3.6421
  116.6000   27.5000  116.6000   23.7000    3.6912
  118.4000   24.5000  116.6000   23.7000    3.7025
  116.1000   24.3000  116.6000   23.7000    3.6070
  116.1000   24.3000  117.2000   26.9000    3.6235
  115.7000   27.9000  117.2000   26.9000    3.6380
  118.0000   28.4000  117.2000   26.9000    3.6426
  116.6000   27.5000  117.2000   26.9000    3.6742
  116.3000   26.3000  117.2000   26.9000    3.7507
  118.9000   27.4000  117.2000   26.9000    3.6078
  117.1000   25.7000  117.2000   26.9000    3.6613
  116.6000   23.7000  117.2000   26.9000    3.6421
  116.2000   28.2000  117.2000   26.9000    3.5816
  118.0000   27.7000  117.2000   26.9000    3.6318
  118.2000   25.3000  117.2000   26.9000    3.5787
  117.4000   26.0000  117.2000   26.9000    3.8001
  118.1000   26.0000  117.2000   26.9000    3.6390
  119.1000   27.6000  117.2000   26.9000    3.6572
  115.8000   25.6000  117.2000   26.9000    3.6157
  116.6000   24.7000  117.2000   26.9000    3.6389
  115.8000   27.4000  117.2000   26.9000    3.6991
  116.2000   23.8000  117.2000   26.9000    3.6431
  115.6000   25.0000  117.2000   26.9000    3.6431
  118.4000   24.5000  117.2000   26.9000    3.6526
  118.7000   26.4000  117.4000   23.7000    3.6752
  117.2000   26.9000  117.4000   23.7000    3.6846
  116.6000   27.5000  117.4000   23.7000    3.6539
  116.2000   23.8000  117.4000   23.7000    3.7386
  116.2000   28.2000  117.4000   23.7000    3.6561
  118.1000   26.0000  117.4000   23.7000    3.6719
  119.3000   25.7000  117.4000   23.7000    3.7045
  117.5000   27.3000  117.4000   23.7000    3.6676
  119.4000   26.0000  117.4000   23.7000    3.6942
  120.3000   27.1000  117.4000   23.7000    3.6806
  117.2000   26.4000  117.4000   23.7000    3.6681
  117.5000   25.0000  117.4000   23.7000    3.7589
  116.3000   26.3000  117.4000   23.7000    3.6429
  116.1000   24.3000  117.4000   23.7000    3.7447
  116.6000   23.7000  117.4000   23.7000    3.8166
  117.4000   26.0000  117.4000   23.7000    3.6913
  118.6000   24.9000  117.4000   23.7000    3.6754
  116.6000   24.7000  117.4000   23.7000    3.6249
  119.0000   25.0000  117.4000   23.7000    3.6923
  118.0000   28.4000  117.4000   23.7000    3.6755
  115.8000   27.4000  117.4000   23.7000    3.6353
  115.7000   27.9000  117.4000   23.7000    3.6335
  119.5000   25.2000  117.4000   23.7000    3.6984
  119.6000   28.0000  117.4000   23.7000    3.6443
  118.4000   24.5000  117.4000   23.7000    3.6658
  118.9000   27.4000  117.4000   23.7000    3.6761
  118.2000   26.6000  117.4000   23.7000    3.6986
  119.0000   25.4000  117.4000   23.7000    3.6918
  119.6000   26.7000  117.4000   23.7000    3.6647
  115.8000   25.6000  117.4000   23.7000    3.6467
  118.5000   27.9000  117.4000   23.7000    3.6622
  119.9000   26.4000  117.4000   23.7000    3.6982
  119.1000   27.6000  117.4000   23.7000    3.6681
  119.8000   25.5000  117.4000   23.7000    3.6853
  118.0000   27.7000  117.4000   23.7000    3.6550
  117.1000   25.7000  117.4000   23.7000    3.6707
  116.5000   25.0000  117.4000   23.7000    3.7026
  115.6000   25.0000  117.4000   23.7000    3.6668
  118.2000   25.3000  117.4000   23.7000    3.6524
  119.5000   27.4000  117.4000   23.7000    3.6704
  118.9000   26.4000  117.4000   23.7000    3.6467
  119.1000   27.6000  115.8000   27.4000    3.6481
  119.6000   28.0000  115.8000   27.4000    3.6349
  115.6000   25.0000  115.8000   27.4000    3.6935
  118.0000   28.4000  115.8000   27.4000    3.6005
  116.3000   26.3000  115.8000   27.4000    3.7004
  118.4000   24.5000  115.8000   27.4000    3.6423
  119.0000   25.4000  118.5000   27.9000    3.6919
  115.8000   27.4000  118.5000   27.9000    3.6245
  117.1000   25.7000  118.5000   27.9000    3.6354
  115.8000   25.6000  118.5000   27.9000    3.6507
  116.6000   24.7000  118.5000   27.9000    3.6317
  116.2000   23.8000  118.5000   27.9000    3.6529
  118.0000   28.4000  118.5000   27.9000    3.7165
  116.3000   26.3000  118.5000   27.9000    3.6367
  116.1000   24.3000  118.5000   27.9000    3.6415
  116.6000   27.5000  118.5000   27.9000    3.6275
  119.5000   25.2000  118.5000   27.9000    3.6435
  118.4000   24.5000  118.5000   27.9000    3.6775
  119.5000   27.4000  118.5000   27.9000    3.7115
  118.1000   26.0000  118.5000   27.9000    3.6670
  118.6000   24.9000  118.5000   27.9000    3.6830
  116.6000   23.7000  118.5000   27.9000    3.6534
  117.5000   27.3000  118.5000   27.9000    3.6486
  117.2000   26.9000  118.5000   27.9000    3.6140
  117.3000   24.4000  118.5000   27.9000    3.6589
  115.6000   25.0000  118.5000   27.9000    3.6354
  119.8000   25.5000  118.5000   27.9000    3.6742
  116.2000   28.2000  118.5000   27.9000    3.7284
  118.2000   25.3000  118.5000   27.9000    3.6897
  119.0000   25.4000  119.9000   26.4000    3.7151
  117.2000   26.4000  119.9000   26.4000    3.6952
  118.0000   28.4000  119.9000   26.4000    3.6106
  116.6000   24.7000  119.9000   26.4000    3.6504
  119.1000   27.6000  119.9000   26.4000    3.6378
  115.8000   25.6000  119.9000   26.4000    3.6595
  116.6000   27.5000  119.9000   26.4000    3.6922
  116.1000   24.3000  119.9000   26.4000    3.6341
  115.6000   25.0000  119.9000   26.4000    3.6357
  116.2000   28.2000  119.9000   26.4000    3.6844
  116.6000   23.7000  119.9000   26.4000    3.6854
  117.6000   24.5000  119.9000   26.4000    3.6639
  119.5000   25.2000  119.9000   26.4000    3.7259
  118.0000   27.7000  119.9000   26.4000    3.6364
  118.2000   25.3000  119.9000   26.4000    3.6639
  117.5000   27.3000  119.9000   26.4000    3.7136
  117.2000   26.9000  119.9000   26.4000    3.6936
  119.5000   27.4000  119.9000   26.4000    3.6562
  116.2000   23.8000  119.9000   26.4000    3.6675
  116.3000   26.3000  119.9000   26.4000    3.6955
  117.3000   24.4000  119.9000   26.4000    3.6790
  118.5000   27.9000  119.9000   26.4000    3.6193
  118.6000   24.9000  119.9000   26.4000    3.6759
  118.4000   24.5000  119.9000   26.4000    3.6720
  117.1000   25.7000  119.9000   26.4000    3.6546
  117.4000   26.0000  119.9000   26.4000    3.7096
  118.2000   26.6000  119.9000   26.4000    3.7314
  118.9000   27.4000  119.9000   26.4000    3.5994
  118.1000   26.0000  119.9000   26.4000    3.6465
  115.7000   27.9000  119.9000   26.4000    3.6888
