   688    3.7983    0.0666       028
  120.4000   23.9000  119.9000   26.2000    3.7246
  115.8000   27.4000  116.2000   23.8000    3.8681
  115.6000   25.0000  116.2000   23.8000    3.7068
  116.6000   27.5000  116.2000   23.8000    3.8035
  119.1000   27.6000  116.2000   23.8000    3.7735
  116.3000   26.3000  116.2000   23.8000    3.8419
  115.7000   27.9000  116.2000   23.8000    3.7833
  115.8000   25.6000  116.2000   23.8000    3.7858
  116.2000   28.2000  116.2000   23.8000    3.7544
  118.4000   24.5000  116.2000   23.8000    3.8100
  116.3000   26.3000  116.6000   24.7000    3.7630
  115.8000   27.4000  116.6000   24.7000    3.7278
  115.8000   25.6000  116.6000   24.7000    3.7750
  116.2000   28.2000  116.6000   24.7000    3.8041
  118.9000   27.4000  116.6000   24.7000    3.8063
  118.1000   26.0000  116.6000   24.7000    3.7436
  119.6000   28.0000  116.6000   24.7000    3.9024
  119.1000   27.6000  116.6000   24.7000    3.7981
  118.0000   28.4000  116.6000   24.7000    3.7891
  118.4000   24.5000  116.6000   24.7000    3.7986
  115.7000   27.9000  116.6000   24.7000    3.7966
  116.5000   25.0000  118.9000   26.4000    3.6745
  115.8000   27.4000  118.9000   26.4000    3.8422
  116.6000   23.7000  118.9000   26.4000    3.8270
  118.6000   24.9000  118.9000   26.4000    3.8278
  117.2000   26.9000  118.9000   26.4000    3.7867
  117.4000   26.0000  118.9000   26.4000    3.8582
  119.8000   25.5000  118.9000   26.4000    4.0255
  116.6000   27.5000  118.9000   26.4000    3.7896
  116.2000   28.2000  118.9000   26.4000    3.7981
  119.5000   27.4000  118.9000   26.4000    3.9228
  117.3000   24.4000  118.9000   26.4000    3.7334
  115.7000   27.9000  118.9000   26.4000    3.8070
  116.2000   23.8000  118.9000   26.4000    3.7452
  118.0000   28.4000  118.9000   26.4000    3.7911
  118.5000   27.9000  118.9000   26.4000    3.7926
  119.1000   27.6000  118.9000   26.4000    3.7766
  117.1000   25.7000  118.9000   26.4000    3.7649
  118.2000   25.3000  118.9000   26.4000    3.9895
  117.5000   27.3000  118.9000   26.4000    3.7669
  116.1000   24.3000  118.9000   26.4000    3.7563
  117.2000   26.4000  118.9000   26.4000    3.7972
  118.0000   27.7000  118.9000   26.4000    3.7615
  119.5000   25.2000  118.9000   26.4000    3.6954
  119.6000   28.0000  118.9000   26.4000    3.6770
  118.4000   24.5000  118.9000   26.4000    3.8664
  115.8000   25.6000  118.9000   26.4000    3.8183
  117.6000   24.5000  118.9000   26.4000    3.8003
  116.3000   26.3000  118.9000   26.4000    3.8495
  116.6000   24.7000  118.9000   26.4000    3.7953
  118.0000   27.7000  119.8000   25.5000    3.6630
  117.2000   26.9000  119.8000   25.5000    3.8268
  119.1000   27.6000  119.8000   25.5000    4.0130
  117.6000   24.5000  119.8000   25.5000    4.0279
  116.6000   27.5000  119.8000   25.5000    3.8134
  117.1000   25.7000  119.8000   25.5000    3.9172
  118.0000   28.4000  119.8000   25.5000    3.7991
  116.6000   23.7000  119.8000   25.5000    3.7430
  118.9000   27.4000  119.8000   25.5000    3.7347
  118.6000   24.9000  119.8000   25.5000    3.6431
  119.6000   28.0000  119.8000   25.5000    3.8546
  117.5000   27.3000  119.8000   25.5000    3.7581
  116.1000   24.3000  118.2000   25.3000    3.7644
  116.6000   27.5000  118.2000   25.3000    3.7333
  116.6000   23.7000  118.2000   25.3000    3.7886
  116.6000   24.7000  118.2000   25.3000    3.7210
  118.0000   28.4000  118.2000   25.3000    3.7995
  119.1000   27.6000  118.2000   25.3000    3.8304
  115.8000   25.6000  118.2000   25.3000    3.7364
  115.7000   27.9000  118.2000   25.3000    3.7769
  116.2000   28.2000  118.2000   25.3000    3.7886
  118.9000   27.4000  118.2000   25.3000    3.8234
  116.2000   23.8000  118.2000   25.3000    3.8116
  116.3000   26.3000  118.2000   25.3000    3.7497
  115.8000   27.4000  118.2000   25.3000    3.7836
  118.4000   24.5000  115.6000   25.0000    3.8222
  120.4000   23.9000  118.4000   24.5000    3.8156
  119.1000   27.6000  118.4000   24.5000    3.8504
  119.9000   26.2000  118.4000   24.5000    3.8550
  116.1000   24.3000  117.3000   24.4000    4.0315
  118.0000   28.4000  117.3000   24.4000    3.7887
  115.7000   27.9000  117.3000   24.4000    3.7418
  118.0000   27.7000  117.3000   24.4000    3.8361
  116.2000   23.8000  117.3000   24.4000    3.7671
  117.5000   27.3000  117.3000   24.4000    3.8006
  117.4000   26.0000  117.3000   24.4000    3.8099
  116.3000   26.3000  117.3000   24.4000    3.7288
  118.6000   24.9000  117.3000   24.4000    4.0132
  116.6000   27.5000  117.3000   24.4000    3.7848
  116.2000   28.2000  117.3000   24.4000    3.7739
  117.2000   26.9000  117.3000   24.4000    3.8119
  118.9000   27.4000  117.3000   24.4000    3.7865
  115.8000   27.4000  117.3000   24.4000    3.8640
  119.5000   27.4000  117.3000   24.4000    3.7683
  118.1000   26.0000  117.3000   24.4000    3.8096
  115.6000   25.0000  117.3000   24.4000    3.6742
  117.1000   25.7000  117.3000   24.4000    3.7585
  115.8000   25.6000  117.3000   24.4000    3.7296
  119.5000   25.2000  117.3000   24.4000    3.8896
  115.6000   25.0000  116.6000   27.5000    3.9854
  116.3000   26.3000  116.6000   27.5000    3.8564
  119.1000   27.6000  116.6000   27.5000    3.8119
  118.0000   28.4000  116.6000   27.5000    3.7788
  118.4000   24.5000  116.6000   27.5000    3.7885
  118.0000   28.4000  118.1000   26.0000    3.7848
  118.9000   27.4000  118.1000   26.0000    3.8407
  116.6000   23.7000  118.1000   26.0000    3.8021
  115.8000   27.4000  118.1000   26.0000    3.7058
  115.7000   27.9000  118.1000   26.0000    3.7988
  116.3000   26.3000  118.1000   26.0000    3.7753
  116.2000   23.8000  118.1000   26.0000    3.8083
  116.1000   24.3000  118.1000   26.0000    3.7664
  116.2000   28.2000  118.1000   26.0000    3.7596
  117.6000   24.5000  118.1000   26.0000    3.6530
  115.8000   25.6000  118.1000   26.0000    3.7917
  116.6000   27.5000  118.1000   26.0000    3.7487
  118.4000   24.5000  118.1000   26.0000    3.8082
  119.6000   28.0000  118.1000   26.0000    3.7186
  115.6000   25.0000  118.1000   26.0000    3.8739
  119.1000   27.6000  118.1000   26.0000    3.8369
  116.1000   24.3000  119.5000   25.2000    3.8165
  117.5000   27.3000  119.5000   25.2000    3.8186
  118.9000   27.4000  119.5000   25.2000    3.7987
  118.4000   24.5000  119.5000   25.2000    3.7697
  118.1000   26.0000  119.5000   25.2000    3.7838
  117.4000   26.0000  119.5000   25.2000    3.7391
  119.5000   27.4000  119.5000   25.2000    3.7818
  116.6000   24.7000  119.5000   25.2000    3.8083
  116.6000   27.5000  119.5000   25.2000    3.8151
  115.6000   25.0000  119.5000   25.2000    3.6578
  119.1000   27.6000  119.5000   25.2000    3.7523
  116.2000   28.2000  119.5000   25.2000    3.8056
  118.0000   27.7000  119.5000   25.2000    3.8144
  118.0000   28.4000  119.5000   25.2000    3.7818
  117.6000   24.5000  119.5000   25.2000    3.6858
  116.3000   26.3000  119.5000   25.2000    3.7853
  116.6000   23.7000  119.5000   25.2000    3.8368
  115.8000   25.6000  119.5000   25.2000    3.8384
  117.1000   25.7000  119.5000   25.2000    3.7425
  115.7000   27.9000  119.5000   25.2000    3.8033
  117.4000   26.0000  119.4000   26.0000    3.8347
  116.3000   26.3000  119.4000   26.0000    3.8351
  116.6000   27.5000  119.4000   26.0000    3.8173
  117.5000   27.3000  119.4000   26.0000    3.7760
  117.3000   24.4000  119.4000   26.0000    3.7731
  115.7000   27.9000  119.4000   26.0000    3.7895
  117.2000   26.9000  119.4000   26.0000    3.7801
  115.8000   25.6000  119.4000   26.0000    3.7670
  116.1000   24.3000  119.4000   26.0000    3.7892
  119.1000   27.6000  119.4000   26.0000    3.7936
  118.0000   28.4000  119.4000   26.0000    3.7992
  117.2000   26.4000  119.4000   26.0000    3.8217
  116.2000   28.2000  119.4000   26.0000    3.7776
  118.6000   24.9000  119.4000   26.0000    3.8414
  116.6000   24.7000  119.4000   26.0000    3.7505
  118.2000   25.3000  119.4000   26.0000    3.8336
  117.5000   25.0000  119.4000   26.0000    3.7637
  119.0000   25.0000  119.4000   26.0000    3.9877
  118.0000   27.7000  119.4000   26.0000    3.7498
  118.2000   26.6000  119.4000   26.0000    3.8782
  119.5000   27.4000  119.4000   26.0000    3.7734
  118.5000   27.9000  119.4000   26.0000    3.7894
  118.9000   27.4000  119.4000   26.0000    3.7836
  116.2000   23.8000  119.4000   26.0000    3.8073
  118.4000   24.5000  119.4000   26.0000    3.8366
  117.1000   25.7000  119.4000   26.0000    3.8342
  115.7000   27.9000  119.6000   26.7000    3.8157
  118.0000   28.4000  119.6000   26.7000    3.7193
  116.2000   23.8000  119.6000   26.7000    3.7623
  117.1000   25.7000  119.6000   26.7000    3.7790
  118.0000   27.7000  119.6000   26.7000    3.7025
  119.5000   25.2000  119.6000   26.7000    3.7650
  117.6000   24.5000  119.6000   26.7000    3.9734
  118.5000   27.9000  119.6000   26.7000    3.6994
  117.2000   26.9000  119.6000   26.7000    3.8616
  117.3000   24.4000  119.6000   26.7000    3.8443
  116.6000   23.7000  119.6000   26.7000    3.8153
  116.6000   27.5000  119.6000   26.7000    3.7996
  116.2000   28.2000  119.6000   26.7000    3.8309
  116.3000   26.3000  119.6000   26.7000    3.7689
  116.1000   24.3000  119.6000   26.7000    3.7820
  115.8000   25.6000  119.6000   26.7000    3.7456
  118.1000   26.0000  119.6000   26.7000    3.6983
  118.4000   24.5000  119.6000   26.7000    3.8429
  118.6000   24.9000  119.6000   26.7000    3.8222
  117.4000   26.0000  119.6000   26.7000    3.7463
  115.8000   27.4000  119.6000   26.7000    3.7941
  119.1000   27.6000  119.6000   26.7000    3.8224
  119.0000   25.4000  119.6000   26.7000    3.8263
  119.8000   25.5000  119.6000   26.7000    3.7380
  118.2000   26.6000  119.6000   26.7000    3.9561
  118.2000   25.3000  119.6000   26.7000    3.7570
  118.9000   27.4000  119.6000   26.7000    3.8899
  116.6000   24.7000  119.6000   26.7000    3.7336
  115.6000   25.0000  119.6000   26.7000    3.8912
  117.5000   27.3000  119.6000   26.7000    3.8062
  116.5000   25.0000  119.6000   26.7000    3.7428
  118.0000   27.7000  119.0000   25.0000    3.8231
  116.2000   23.8000  119.0000   25.0000    3.8194
  117.5000   27.3000  119.0000   25.0000    3.7867
  118.5000   27.9000  119.0000   25.0000    3.8072
  116.6000   24.7000  119.0000   25.0000    3.8185
  115.6000   25.0000  119.0000   25.0000    3.8529
  115.7000   27.9000  119.0000   25.0000    3.8164
  117.3000   24.4000  119.0000   25.0000    3.7712
  117.4000   26.0000  119.0000   25.0000    3.7993
  118.9000   27.4000  119.0000   25.0000    3.7965
  119.5000   27.4000  119.0000   25.0000    3.8418
  118.2000   26.6000  119.0000   25.0000    3.7367
  115.8000   27.4000  119.0000   25.0000    3.8049
  118.9000   26.4000  119.0000   25.0000    3.8678
  118.1000   26.0000  119.0000   25.0000    3.8272
  116.6000   23.7000  119.0000   25.0000    3.8138
  115.8000   25.6000  119.0000   25.0000    3.7860
  116.2000   28.2000  119.0000   25.0000    3.8006
  116.6000   27.5000  119.0000   25.0000    3.8010
  119.9000   26.4000  119.0000   25.0000    3.8588
  117.1000   25.7000  119.0000   25.0000    3.7671
  117.2000   26.4000  119.0000   25.0000    3.7878
  119.6000   26.7000  119.0000   25.0000    3.8216
  116.1000   24.3000  119.0000   25.0000    3.8027
  116.3000   26.3000  119.0000   25.0000    3.8052
  119.1000   27.6000  119.0000   25.0000    3.7961
  118.0000   28.4000  119.0000   25.0000    3.7981
  117.2000   26.9000  119.0000   25.0000    3.8085
  118.1000   26.0000  116.5000   25.0000    3.9130
  116.2000   23.8000  116.5000   25.0000    3.8582
  116.3000   26.3000  116.5000   25.0000    3.9823
  115.8000   27.4000  116.5000   25.0000    3.8652
  117.4000   26.0000  116.5000   25.0000    3.6526
  115.8000   25.6000  116.5000   25.0000    3.9770
  118.9000   27.4000  116.5000   25.0000    3.6694
  118.0000   28.4000  118.9000   27.4000    3.6519
  115.8000   25.6000  118.9000   27.4000    3.7491
  115.8000   27.4000  118.9000   27.4000    3.6706
  116.3000   26.3000  118.9000   27.4000    3.7914
  116.1000   24.3000  118.9000   27.4000    3.7629
  116.6000   23.7000  118.9000   27.4000    3.7765
  117.6000   24.5000  118.9000   27.4000    3.6944
  118.4000   24.5000  118.9000   27.4000    3.8371
  116.2000   23.8000  118.9000   27.4000    3.7798
  116.6000   27.5000  118.9000   27.4000    3.8485
  116.6000   27.5000  117.6000   24.5000    3.8658
  115.8000   25.6000  117.6000   24.5000    3.6547
  115.8000   27.4000  117.6000   24.5000    3.8663
  115.7000   27.9000  117.6000   24.5000    3.6717
  116.3000   26.3000  117.6000   24.5000    3.6632
  118.2000   25.3000  117.4000   26.0000    3.9026
  116.1000   24.3000  117.4000   26.0000    3.7592
  116.2000   28.2000  117.4000   26.0000    3.7488
  116.6000   27.5000  117.4000   26.0000    3.6804
  116.2000   23.8000  117.4000   26.0000    3.7372
  116.6000   23.7000  117.4000   26.0000    3.7694
  116.6000   24.7000  117.4000   26.0000    3.7437
  115.8000   25.6000  117.4000   26.0000    3.7755
  119.6000   28.0000  117.4000   26.0000    3.9674
  118.4000   24.5000  117.4000   26.0000    3.7360
  118.9000   27.4000  117.4000   26.0000    3.7239
  115.6000   25.0000  117.4000   26.0000    3.7083
  119.1000   27.6000  117.4000   26.0000    3.7290
  115.7000   27.9000  117.4000   26.0000    3.7517
  118.0000   28.4000  117.4000   26.0000    3.8316
  115.8000   27.4000  117.4000   26.0000    3.6962
  118.2000   25.3000  118.7000   26.4000    3.8227
  118.4000   24.5000  118.7000   26.4000    3.7235
  118.9000   27.4000  118.7000   26.4000    4.0241
  115.7000   27.9000  118.7000   26.4000    3.9128
  118.5000   27.9000  118.7000   26.4000    3.8064
  117.5000   25.0000  118.7000   26.4000    3.8429
  115.8000   27.4000  118.7000   26.4000    3.7890
  116.6000   24.7000  118.7000   26.4000    3.6888
  118.0000   27.7000  118.7000   26.4000    3.9088
  118.0000   28.4000  118.7000   26.4000    3.7611
  117.1000   25.7000  118.7000   26.4000    3.6435
  117.3000   24.4000  118.7000   26.4000    3.9304
  116.3000   26.3000  117.1000   25.7000    3.9077
  115.7000   27.9000  117.1000   25.7000    3.7449
  118.4000   24.5000  117.1000   25.7000    3.7633
  116.6000   27.5000  117.1000   25.7000    3.7200
  118.9000   27.4000  117.1000   25.7000    3.7443
  119.1000   27.6000  117.1000   25.7000    3.8033
  116.1000   24.3000  117.1000   25.7000    3.7206
  116.2000   23.8000  117.1000   25.7000    3.7156
  116.2000   28.2000  117.1000   25.7000    3.7645
  118.0000   28.4000  117.1000   25.7000    3.8304
  116.6000   24.7000  117.1000   25.7000    3.9637
  115.8000   27.4000  117.1000   25.7000    3.7002
  119.6000   28.0000  117.1000   25.7000    3.8318
  115.8000   25.6000  117.1000   25.7000    3.8781
  117.6000   24.5000  117.1000   25.7000    3.6889
  116.6000   23.7000  117.1000   25.7000    3.8453
  118.2000   25.3000  117.1000   25.7000    4.0109
  115.6000   25.0000  118.0000   28.4000    3.7934
  118.4000   24.5000  118.0000   28.4000    3.8322
  119.1000   27.6000  118.0000   28.4000    3.7258
  118.1000   26.0000  118.0000   27.7000    3.8118
  118.2000   25.3000  118.0000   27.7000    3.8037
  116.6000   23.7000  118.0000   27.7000    3.7950
  116.1000   24.3000  118.0000   27.7000    3.7850
  115.8000   25.6000  118.0000   27.7000    3.7682
  116.2000   23.8000  118.0000   27.7000    3.8280
  116.2000   28.2000  118.0000   27.7000    3.8388
  116.6000   24.7000  118.0000   27.7000    3.8205
  115.7000   27.9000  118.0000   27.7000    3.8297
  116.3000   26.3000  118.0000   27.7000    3.7518
  118.4000   24.5000  118.0000   27.7000    3.8835
  117.4000   26.0000  118.0000   27.7000    3.8005
  116.6000   27.5000  118.0000   27.7000    3.8009
  117.1000   25.7000  118.0000   27.7000    3.7488
  116.6000   27.5000  117.2000   26.4000    3.6848
  118.4000   24.5000  117.2000   26.4000    3.7463
  118.9000   27.4000  117.2000   26.4000    3.7438
  119.0000   25.4000  117.2000   26.4000    3.7723
  119.6000   26.7000  117.2000   26.4000    3.8209
  118.6000   24.9000  117.2000   26.4000    3.7444
  118.5000   27.9000  117.2000   26.4000    3.7302
  119.1000   27.6000  117.2000   26.4000    3.7902
  116.1000   24.3000  117.2000   26.4000    3.7492
  116.6000   23.7000  117.2000   26.4000    3.7826
  116.2000   28.2000  117.2000   26.4000    3.7743
  119.5000   25.2000  117.2000   26.4000    3.7779
  118.0000   27.7000  117.2000   26.4000    3.9481
  116.6000   24.7000  117.2000   26.4000    3.7953
  115.7000   27.9000  117.2000   26.4000    3.7294
  119.5000   27.4000  117.2000   26.4000    3.8004
  118.2000   25.3000  117.2000   26.4000    3.7386
  116.2000   23.8000  117.2000   26.4000    3.8754
  117.3000   24.4000  117.2000   26.4000    3.7218
  118.0000   28.4000  117.2000   26.4000    3.8046
  115.6000   25.0000  117.2000   26.4000    3.7815
  115.8000   25.6000  117.2000   26.4000    3.7425
  116.3000   26.3000  119.3000   25.7000    3.7730
  119.5000   27.4000  119.3000   25.7000    3.7346
  117.1000   25.7000  119.3000   25.7000    3.8084
  118.4000   24.5000  119.3000   25.7000    3.7805
  115.7000   27.9000  119.3000   25.7000    3.7898
  116.6000   27.5000  119.3000   25.7000    3.8050
  117.3000   24.4000  119.3000   25.7000    3.7564
  118.0000   27.7000  119.3000   25.7000    3.7792
  116.2000   28.2000  119.3000   25.7000    3.7946
  116.5000   25.0000  119.3000   25.7000    3.9678
  115.6000   25.0000  119.3000   25.7000    3.8674
  116.2000   23.8000  119.3000   25.7000    3.8113
  117.4000   26.0000  119.3000   25.7000    3.7710
  118.2000   26.6000  119.3000   25.7000    3.7495
  115.8000   25.6000  119.3000   25.7000    3.7808
  119.1000   27.6000  119.3000   25.7000    3.7183
  117.5000   25.0000  119.3000   25.7000    3.8326
  118.9000   27.4000  119.3000   25.7000    3.7995
  117.5000   27.3000  119.3000   25.7000    3.7699
  119.6000   28.0000  119.3000   25.7000    3.7485
  117.6000   24.5000  119.3000   25.7000    3.7641
  116.6000   23.7000  119.3000   25.7000    3.7639
  116.6000   24.7000  119.3000   25.7000    3.8014
  118.0000   28.4000  119.3000   25.7000    3.8037
  117.2000   26.4000  119.3000   25.7000    3.7770
  117.2000   26.9000  119.3000   25.7000    3.7993
  116.1000   24.3000  119.3000   25.7000    3.7801
  119.6000   26.7000  119.3000   25.7000    3.9703
  118.5000   27.9000  119.3000   25.7000    3.7949
  115.8000   27.4000  119.3000   25.7000    3.8545
  119.0000   25.4000  117.5000   25.0000    4.0203
  118.9000   26.4000  117.5000   25.0000    3.8166
  115.7000   27.9000  117.5000   25.0000    3.7658
  116.3000   26.3000  117.5000   25.0000    3.6781
  117.4000   26.0000  117.5000   25.0000    3.9568
  119.6000   26.7000  117.5000   25.0000    3.8007
  118.2000   26.6000  117.5000   25.0000    3.8381
  117.5000   27.3000  117.5000   25.0000    3.8039
  119.5000   25.2000  117.5000   25.0000    3.8416
  115.8000   27.4000  117.5000   25.0000    3.7624
  116.6000   27.5000  117.5000   25.0000    3.7446
  115.6000   25.0000  117.5000   25.0000    3.6756
  119.1000   27.6000  117.5000   25.0000    3.7820
  118.9000   27.4000  117.5000   25.0000    3.7934
  119.5000   27.4000  117.5000   25.0000    3.7619
  117.1000   25.7000  117.5000   25.0000    3.9728
  116.1000   24.3000  117.5000   25.0000    3.7021
  116.2000   23.8000  117.5000   25.0000    3.9932
  119.0000   25.0000  117.5000   25.0000    3.8319
  117.2000   26.4000  117.5000   25.0000    3.6800
  118.0000   28.4000  117.5000   25.0000    3.7774
  118.5000   27.9000  117.5000   25.0000    3.8342
  118.0000   27.7000  117.5000   25.0000    3.7934
  117.2000   26.9000  117.5000   25.0000    3.6872
  118.1000   26.0000  117.5000   25.0000    3.8623
  119.9000   26.4000  117.5000   25.0000    3.8232
  115.8000   25.6000  117.5000   25.0000    3.6929
  116.2000   28.2000  117.5000   25.0000    3.7543
  118.4000   24.5000  116.2000   28.2000    3.7754
  116.3000   26.3000  116.2000   28.2000    3.7632
  118.0000   28.4000  116.2000   28.2000    3.7214
  119.1000   27.6000  116.2000   28.2000    3.8246
  115.6000   25.0000  116.2000   28.2000    3.9347
  118.0000   27.7000  120.3000   27.1000    3.8459
  119.0000   25.4000  120.3000   27.1000    3.8430
  116.2000   28.2000  120.3000   27.1000    3.8674
  118.1000   26.0000  120.3000   27.1000    3.7664
  118.7000   26.4000  120.3000   27.1000    3.7031
  116.6000   27.5000  120.3000   27.1000    3.8069
  117.1000   25.7000  120.3000   27.1000    3.7944
  118.9000   26.4000  120.3000   27.1000    3.7593
  116.3000   26.3000  120.3000   27.1000    3.8100
  118.6000   24.9000  120.3000   27.1000    3.8225
  117.4000   26.0000  120.3000   27.1000    3.7757
  119.1000   27.6000  120.3000   27.1000    3.8346
  118.2000   26.6000  120.3000   27.1000    3.7532
  118.0000   28.4000  120.3000   27.1000    3.7531
  117.5000   27.3000  120.3000   27.1000    3.8115
  115.8000   25.6000  120.3000   27.1000    3.7383
  119.5000   25.2000  120.3000   27.1000    3.9156
  116.1000   24.3000  120.3000   27.1000    3.7690
  116.5000   25.0000  120.3000   27.1000    3.9288
  115.6000   25.0000  120.3000   27.1000    3.7665
  118.5000   27.9000  120.3000   27.1000    3.7551
  118.4000   24.5000  120.3000   27.1000    3.8034
  115.8000   27.4000  120.3000   27.1000    3.8222
  117.2000   26.9000  120.3000   27.1000    3.7995
  117.2000   26.4000  120.3000   27.1000    3.8052
  116.2000   23.8000  120.3000   27.1000    3.7898
  117.3000   24.4000  120.3000   27.1000    3.8548
  117.5000   25.0000  120.3000   27.1000    3.7886
  119.3000   25.7000  120.3000   27.1000    3.7993
  116.6000   24.7000  120.3000   27.1000    3.7793
  116.6000   23.7000  120.3000   27.1000    3.7651
  119.0000   25.0000  120.3000   27.1000    3.8460
  118.4000   24.5000  115.8000   25.6000    3.8154
  116.2000   28.2000  115.8000   25.6000    3.8085
  116.6000   27.5000  115.8000   25.6000    3.7726
  118.0000   28.4000  115.8000   25.6000    3.8210
  119.1000   27.6000  115.8000   25.6000    3.7722
  115.8000   27.4000  115.8000   25.6000    3.7096
  116.2000   28.2000  116.1000   24.3000    3.7953
  118.4000   24.5000  116.1000   24.3000    3.8697
  118.0000   28.4000  116.1000   24.3000    3.8091
  116.6000   27.5000  116.1000   24.3000    3.7426
  119.1000   27.6000  116.1000   24.3000    3.7460
  115.8000   27.4000  116.1000   24.3000    3.8003
  116.3000   26.3000  116.1000   24.3000    3.8317
  119.6000   28.0000  116.1000   24.3000    3.7580
  115.7000   27.9000  116.1000   24.3000    3.8167
  115.8000   25.6000  116.1000   24.3000    3.8169
  116.3000   26.3000  119.0000   25.4000    3.7646
  116.2000   23.8000  119.0000   25.4000    3.9008
  118.0000   27.7000  119.0000   25.4000    3.8027
  118.1000   26.0000  119.0000   25.4000    4.0084
  116.6000   24.7000  119.0000   25.4000    3.8336
  115.8000   25.6000  119.0000   25.4000    3.8749
  119.1000   27.6000  119.0000   25.4000    3.7676
  117.1000   25.7000  119.0000   25.4000    3.7361
  117.2000   26.9000  119.0000   25.4000    3.7717
  116.1000   24.3000  119.0000   25.4000    3.8327
  119.5000   27.4000  119.0000   25.4000    3.7806
  116.6000   23.7000  119.0000   25.4000    3.7574
  116.6000   27.5000  119.0000   25.4000    3.7898
  115.7000   27.9000  119.0000   25.4000    3.8213
  119.6000   28.0000  119.0000   25.4000    3.8703
  117.5000   27.3000  119.0000   25.4000    3.7547
  118.0000   28.4000  119.0000   25.4000    3.7872
  117.4000   26.0000  119.0000   25.4000    3.7778
  116.2000   28.2000  119.0000   25.4000    3.7998
  116.5000   25.0000  118.2000   26.6000    3.9190
  117.5000   27.3000  118.2000   26.6000    3.8928
  115.8000   27.4000  118.2000   26.6000    3.6658
  118.6000   24.9000  118.2000   26.6000    3.8033
  119.5000   27.4000  118.2000   26.6000    3.7341
  117.3000   24.4000  118.2000   26.6000    3.8153
  118.0000   27.7000  118.2000   26.6000    3.9628
  115.7000   27.9000  118.2000   26.6000    3.7850
  116.6000   23.7000  118.2000   26.6000    3.7981
  118.0000   28.4000  118.2000   26.6000    3.7520
  119.0000   25.4000  118.2000   26.6000    3.7331
  118.4000   24.5000  118.2000   26.6000    3.8104
  116.1000   24.3000  118.2000   26.6000    3.7860
  117.1000   25.7000  118.2000   26.6000    3.6262
  116.6000   27.5000  118.2000   26.6000    3.7753
  118.5000   27.9000  118.2000   26.6000    3.7838
  115.8000   25.6000  118.2000   26.6000    3.7493
  117.6000   24.5000  118.2000   26.6000    3.9454
  116.2000   23.8000  118.2000   26.6000    3.8096
  118.2000   25.3000  118.2000   26.6000    3.8412
  116.3000   26.3000  118.2000   26.6000    3.7977
  119.5000   25.2000  118.2000   26.6000    3.7452
  119.1000   27.6000  118.2000   26.6000    3.8208
  116.6000   24.7000  118.2000   26.6000    3.7461
  116.2000   28.2000  118.2000   26.6000    3.7485
  115.8000   27.4000  118.6000   24.9000    3.7140
  116.6000   24.7000  118.6000   24.9000    3.7877
  116.1000   24.3000  118.6000   24.9000    3.7914
  119.1000   27.6000  118.6000   24.9000    3.8390
  117.4000   26.0000  118.6000   24.9000    3.7544
  118.1000   26.0000  118.6000   24.9000    3.8368
  116.6000   23.7000  118.6000   24.9000    3.8111
  116.3000   26.3000  118.6000   24.9000    3.8061
  115.7000   27.9000  118.6000   24.9000    3.7933
  115.8000   25.6000  118.6000   24.9000    3.7199
  117.2000   26.9000  118.6000   24.9000    3.7715
  116.2000   28.2000  118.6000   24.9000    3.7946
  118.0000   27.7000  118.6000   24.9000    3.8522
  118.9000   27.4000  118.6000   24.9000    3.8443
  116.6000   27.5000  118.6000   24.9000    3.7861
  117.1000   25.7000  118.6000   24.9000    3.7796
  118.0000   28.4000  118.6000   24.9000    3.8018
  116.2000   23.8000  118.6000   24.9000    3.8264
  117.5000   27.3000  118.6000   24.9000    3.7920
  115.6000   25.0000  118.6000   24.9000    3.7818
  116.5000   25.0000  118.6000   24.9000    3.8083
  119.5000   27.4000  118.6000   24.9000    3.8269
  118.0000   28.4000  119.5000   27.4000    3.6762
  118.2000   25.3000  119.5000   27.4000    3.8236
  118.4000   24.5000  119.5000   27.4000    3.8395
  116.6000   27.5000  119.5000   27.4000    3.8143
  115.7000   27.9000  119.5000   27.4000    3.8436
  116.2000   28.2000  119.5000   27.4000    3.8626
  116.2000   23.8000  119.5000   27.4000    3.7644
  117.4000   26.0000  119.5000   27.4000    3.7270
  116.3000   26.3000  119.5000   27.4000    3.8643
  116.1000   24.3000  119.5000   27.4000    3.7641
  118.0000   27.7000  119.5000   27.4000    3.8801
  117.2000   26.9000  119.5000   27.4000    3.7101
  118.1000   26.0000  119.5000   27.4000    3.7515
  116.6000   24.7000  119.5000   27.4000    3.7830
  117.1000   25.7000  119.5000   27.4000    3.7609
  116.6000   23.7000  119.5000   27.4000    3.8317
  115.6000   25.0000  119.5000   27.4000    3.8688
  117.5000   27.3000  119.5000   27.4000    3.7371
  115.8000   25.6000  119.5000   27.4000    3.7922
  118.4000   24.5000  116.3000   26.3000    3.7874
  115.6000   25.0000  116.3000   26.3000    3.8064
  119.1000   27.6000  116.3000   26.3000    3.7695
  118.0000   28.4000  116.3000   26.3000    3.7573
  115.8000   25.6000  117.5000   27.3000    3.7336
  118.2000   25.3000  117.5000   27.3000    3.7580
  118.1000   26.0000  117.5000   27.3000    3.7320
  116.3000   26.3000  117.5000   27.3000    3.7535
  116.2000   28.2000  117.5000   27.3000    3.7410
  118.0000   28.4000  117.5000   27.3000    3.7997
  117.1000   25.7000  117.5000   27.3000    3.8275
  115.7000   27.9000  117.5000   27.3000    3.7822
  116.6000   24.7000  117.5000   27.3000    3.8143
  116.1000   24.3000  117.5000   27.3000    3.7829
  119.1000   27.6000  117.5000   27.3000    3.7618
  117.4000   26.0000  117.5000   27.3000    3.8504
  118.4000   24.5000  117.5000   27.3000    3.7768
  116.6000   23.7000  117.5000   27.3000    3.7578
  115.8000   27.4000  117.5000   27.3000    3.9330
  116.2000   23.8000  117.5000   27.3000    3.8169
  117.2000   26.9000  116.4000   25.8000    3.9930
  118.7000   26.4000  116.4000   25.8000    3.6449
  118.0000   27.7000  116.4000   25.8000    3.7350
  115.7000   27.9000  116.4000   25.8000    3.8250
  115.8000   27.4000  116.4000   25.8000    3.7368
  117.4000   23.7000  116.4000   25.8000    3.8585
  117.5000   27.3000  116.4000   25.8000    3.7957
  118.2000   26.6000  116.4000   25.8000    3.7225
  118.0000   28.4000  116.4000   25.8000    3.9075
  118.6000   24.9000  116.4000   25.8000    3.7459
  116.6000   24.7000  116.4000   25.8000    3.9214
  117.3000   24.4000  116.4000   25.8000    3.8278
  118.1000   26.0000  116.4000   25.8000    3.7179
  118.9000   27.4000  116.4000   25.8000    3.8858
  118.2000   25.3000  116.4000   25.8000    3.7452
  119.6000   28.0000  116.4000   25.8000    3.7378
  118.5000   27.9000  116.4000   25.8000    3.8833
  115.8000   25.6000  115.7000   27.9000    3.8193
  118.0000   28.4000  115.7000   27.9000    3.7797
  115.6000   25.0000  115.7000   27.9000    3.7174
  119.1000   27.6000  115.7000   27.9000    3.8031
  118.4000   24.5000  115.7000   27.9000    3.7990
  116.3000   26.3000  115.7000   27.9000    3.7549
  115.7000   27.9000  116.6000   23.7000    3.8066
  118.0000   28.4000  116.6000   23.7000    3.7437
  115.8000   25.6000  116.6000   23.7000    3.7885
  119.6000   28.0000  116.6000   23.7000    3.7483
  116.3000   26.3000  116.6000   23.7000    3.7850
  119.1000   27.6000  116.6000   23.7000    3.7878
  116.6000   27.5000  116.6000   23.7000    3.7765
  118.4000   24.5000  116.6000   23.7000    3.7681
  116.1000   24.3000  116.6000   23.7000    3.9302
  116.1000   24.3000  117.2000   26.9000    3.7574
  115.7000   27.9000  117.2000   26.9000    3.7929
  118.0000   28.4000  117.2000   26.9000    3.8942
  116.3000   26.3000  117.2000   26.9000    4.0240
  118.9000   27.4000  117.2000   26.9000    3.6400
  117.1000   25.7000  117.2000   26.9000    3.8192
  116.6000   23.7000  117.2000   26.9000    3.8499
  116.2000   28.2000  117.2000   26.9000    3.7328
  118.0000   27.7000  117.2000   26.9000    3.7744
  118.2000   25.3000  117.2000   26.9000    3.7190
  118.1000   26.0000  117.2000   26.9000    3.8116
  119.1000   27.6000  117.2000   26.9000    3.7687
  115.8000   25.6000  117.2000   26.9000    3.7541
  116.6000   24.7000  117.2000   26.9000    3.8297
  115.8000   27.4000  117.2000   26.9000    3.7343
  116.2000   23.8000  117.2000   26.9000    3.7875
  118.4000   24.5000  117.2000   26.9000    3.7981
  118.7000   26.4000  117.4000   23.7000    3.8606
  117.2000   26.9000  117.4000   23.7000    3.8106
  116.6000   27.5000  117.4000   23.7000    3.7858
  116.2000   23.8000  117.4000   23.7000    3.9352
  116.2000   28.2000  117.4000   23.7000    3.7868
  118.1000   26.0000  117.4000   23.7000    3.8356
  119.3000   25.7000  117.4000   23.7000    3.7984
  117.5000   27.3000  117.4000   23.7000    3.7799
  119.4000   26.0000  117.4000   23.7000    3.8171
  120.3000   27.1000  117.4000   23.7000    3.7919
  117.2000   26.4000  117.4000   23.7000    3.7799
  117.5000   25.0000  117.4000   23.7000    3.8036
  116.3000   26.3000  117.4000   23.7000    3.7505
  116.1000   24.3000  117.4000   23.7000    3.8335
  117.4000   26.0000  117.4000   23.7000    3.7964
  118.6000   24.9000  117.4000   23.7000    3.9329
  116.6000   24.7000  117.4000   23.7000    3.7384
  119.0000   25.0000  117.4000   23.7000    3.8447
  118.0000   28.4000  117.4000   23.7000    3.7807
  115.8000   27.4000  117.4000   23.7000    3.8058
  115.7000   27.9000  117.4000   23.7000    3.7680
  119.5000   25.2000  117.4000   23.7000    3.7992
  119.6000   28.0000  117.4000   23.7000    3.8443
  118.4000   24.5000  117.4000   23.7000    3.7685
  118.9000   27.4000  117.4000   23.7000    3.8369
  118.2000   26.6000  117.4000   23.7000    3.8446
  119.0000   25.4000  117.4000   23.7000    3.7827
  119.6000   26.7000  117.4000   23.7000    3.8013
  115.8000   25.6000  117.4000   23.7000    3.7582
  118.5000   27.9000  117.4000   23.7000    3.7823
  119.9000   26.4000  117.4000   23.7000    3.8000
  119.1000   27.6000  117.4000   23.7000    3.8020
  119.8000   25.5000  117.4000   23.7000    3.8527
  118.0000   27.7000  117.4000   23.7000    3.7824
  117.1000   25.7000  117.4000   23.7000    3.7518
  116.5000   25.0000  117.4000   23.7000    4.0223
  115.6000   25.0000  117.4000   23.7000    3.7826
  118.2000   25.3000  117.4000   23.7000    3.7818
  119.5000   27.4000  117.4000   23.7000    3.8039
  118.9000   26.4000  117.4000   23.7000    3.7824
  119.1000   27.6000  115.8000   27.4000    3.7914
  119.6000   28.0000  115.8000   27.4000    3.7270
  115.6000   25.0000  115.8000   27.4000    3.8695
  118.0000   28.4000  115.8000   27.4000    3.7187
  118.4000   24.5000  115.8000   27.4000    3.7534
  119.0000   25.4000  118.5000   27.9000    3.8007
  115.8000   27.4000  118.5000   27.9000    3.7551
  117.1000   25.7000  118.5000   27.9000    3.7885
  115.8000   25.6000  118.5000   27.9000    3.8006
  116.2000   23.8000  118.5000   27.9000    3.8019
  116.3000   26.3000  118.5000   27.9000    3.7894
  116.1000   24.3000  118.5000   27.9000    3.7902
  116.6000   27.5000  118.5000   27.9000    3.7038
  119.5000   25.2000  118.5000   27.9000    3.7740
  118.4000   24.5000  118.5000   27.9000    3.8359
  119.5000   27.4000  118.5000   27.9000    3.9899
  118.1000   26.0000  118.5000   27.9000    3.8455
  118.6000   24.9000  118.5000   27.9000    3.8063
  116.6000   23.7000  118.5000   27.9000    3.7763
  117.5000   27.3000  118.5000   27.9000    3.7951
  117.3000   24.4000  118.5000   27.9000    3.8095
  119.8000   25.5000  118.5000   27.9000    3.8402
  116.2000   28.2000  118.5000   27.9000    3.8476
  118.2000   25.3000  118.5000   27.9000    3.8540
  119.0000   25.4000  119.9000   26.4000    3.9425
  117.2000   26.4000  119.9000   26.4000    3.8449
  118.0000   28.4000  119.9000   26.4000    3.7408
  116.6000   24.7000  119.9000   26.4000    3.8303
  119.1000   27.6000  119.9000   26.4000    3.7340
  115.8000   25.6000  119.9000   26.4000    3.8055
  116.6000   27.5000  119.9000   26.4000    3.8468
  116.1000   24.3000  119.9000   26.4000    3.7800
  116.2000   28.2000  119.9000   26.4000    3.8265
  116.6000   23.7000  119.9000   26.4000    3.7451
  117.6000   24.5000  119.9000   26.4000    3.7813
  119.5000   25.2000  119.9000   26.4000    3.8842
  118.0000   27.7000  119.9000   26.4000    3.7500
  118.2000   25.3000  119.9000   26.4000    3.7470
  117.5000   27.3000  119.9000   26.4000    3.8006
  117.2000   26.9000  119.9000   26.4000    3.8172
  119.5000   27.4000  119.9000   26.4000    3.9166
  116.2000   23.8000  119.9000   26.4000    3.7758
  116.3000   26.3000  119.9000   26.4000    3.8319
  117.3000   24.4000  119.9000   26.4000    3.7633
  118.5000   27.9000  119.9000   26.4000    3.7128
  118.6000   24.9000  119.9000   26.4000    3.8591
  118.4000   24.5000  119.9000   26.4000    3.7823
  117.1000   25.7000  119.9000   26.4000    3.7644
  117.4000   26.0000  119.9000   26.4000    3.8877
  118.2000   26.6000  119.9000   26.4000    3.8943
  118.9000   27.4000  119.9000   26.4000    3.7615
  118.1000   26.0000  119.9000   26.4000    3.7711
