   841    3.2277    0.0273       008
  115.8000   27.4000  116.2000   23.8000    3.2017
  115.6000   25.0000  116.2000   23.8000    3.1831
  119.6000   28.0000  116.2000   23.8000    3.2145
  116.6000   27.5000  116.2000   23.8000    3.1961
  119.1000   27.6000  116.2000   23.8000    3.2079
  116.3000   26.3000  116.2000   23.8000    3.1880
  115.7000   27.9000  116.2000   23.8000    3.1976
  118.0000   28.4000  116.2000   23.8000    3.2010
  115.8000   25.6000  116.2000   23.8000    3.1945
  116.2000   28.2000  116.2000   23.8000    3.1872
  118.4000   24.5000  116.2000   23.8000    3.2338
  117.6000   24.5000  116.6000   24.7000    3.2071
  116.3000   26.3000  116.6000   24.7000    3.2221
  115.8000   27.4000  116.6000   24.7000    3.2180
  115.8000   25.6000  116.6000   24.7000    3.1705
  116.2000   28.2000  116.6000   24.7000    3.2009
  118.9000   27.4000  116.6000   24.7000    3.2265
  118.1000   26.0000  116.6000   24.7000    3.1952
  119.6000   28.0000  116.6000   24.7000    3.2267
  116.6000   23.7000  116.6000   24.7000    3.2503
  119.1000   27.6000  116.6000   24.7000    3.2376
  118.0000   28.4000  116.6000   24.7000    3.1949
  116.2000   23.8000  116.6000   24.7000    3.2138
  115.6000   25.0000  116.6000   24.7000    3.2364
  118.4000   24.5000  116.6000   24.7000    3.2116
  115.7000   27.9000  116.6000   24.7000    3.2118
  116.5000   25.0000  118.9000   26.4000    3.2115
  115.8000   27.4000  118.9000   26.4000    3.2267
  116.6000   23.7000  118.9000   26.4000    3.2259
  118.2000   26.6000  118.9000   26.4000    3.2407
  115.6000   25.0000  118.9000   26.4000    3.2195
  118.6000   24.9000  118.9000   26.4000    3.2260
  118.1000   26.0000  118.9000   26.4000    3.2631
  117.2000   26.9000  118.9000   26.4000    3.2469
  117.4000   26.0000  118.9000   26.4000    3.2758
  116.6000   27.5000  118.9000   26.4000    3.2281
  116.2000   28.2000  118.9000   26.4000    3.2154
  119.5000   27.4000  118.9000   26.4000    3.2620
  117.3000   24.4000  118.9000   26.4000    3.2236
  115.7000   27.9000  118.9000   26.4000    3.2291
  116.2000   23.8000  118.9000   26.4000    3.2148
  118.0000   28.4000  118.9000   26.4000    3.2158
  118.5000   27.9000  118.9000   26.4000    3.2694
  119.6000   26.7000  118.9000   26.4000    3.1792
  119.1000   27.6000  118.9000   26.4000    3.2244
  117.1000   25.7000  118.9000   26.4000    3.2374
  117.5000   27.3000  118.9000   26.4000    3.2444
  116.1000   24.3000  118.9000   26.4000    3.2084
  117.2000   26.4000  118.9000   26.4000    3.2493
  118.0000   27.7000  118.9000   26.4000    3.2289
  119.5000   25.2000  118.9000   26.4000    3.2605
  119.6000   28.0000  118.9000   26.4000    3.2283
  118.4000   24.5000  118.9000   26.4000    3.2400
  115.8000   25.6000  118.9000   26.4000    3.2169
  117.6000   24.5000  118.9000   26.4000    3.2941
  116.3000   26.3000  118.9000   26.4000    3.2292
  116.6000   24.7000  118.9000   26.4000    3.2143
  115.6000   25.0000  119.8000   25.5000    3.2259
  119.5000   27.4000  119.8000   25.5000    3.2866
  116.3000   26.3000  119.8000   25.5000    3.2293
  117.2000   26.9000  119.8000   25.5000    3.2551
  119.1000   27.6000  119.8000   25.5000    3.2651
  117.6000   24.5000  119.8000   25.5000    3.2607
  116.6000   24.7000  119.8000   25.5000    3.2376
  117.4000   26.0000  119.8000   25.5000    3.2391
  118.1000   26.0000  119.8000   25.5000    3.2423
  115.7000   27.9000  119.8000   25.5000    3.2258
  116.6000   27.5000  119.8000   25.5000    3.2516
  117.1000   25.7000  119.8000   25.5000    3.2383
  116.1000   24.3000  119.8000   25.5000    3.2491
  118.0000   28.4000  119.8000   25.5000    3.2836
  118.2000   25.3000  119.8000   25.5000    3.2696
  116.6000   23.7000  119.8000   25.5000    3.2654
  116.5000   25.0000  119.8000   25.5000    3.2462
  119.6000   28.0000  119.8000   25.5000    3.2759
  116.2000   28.2000  119.8000   25.5000    3.2513
  116.2000   23.8000  119.8000   25.5000    3.2475
  117.5000   27.3000  119.8000   25.5000    3.2658
  116.1000   24.3000  118.2000   25.3000    3.2099
  116.6000   27.5000  118.2000   25.3000    3.2145
  116.6000   23.7000  118.2000   25.3000    3.2234
  116.6000   24.7000  118.2000   25.3000    3.2148
  118.0000   28.4000  118.2000   25.3000    3.2178
  119.1000   27.6000  118.2000   25.3000    3.2430
  115.8000   25.6000  118.2000   25.3000    3.1945
  115.7000   27.9000  118.2000   25.3000    3.2059
  116.2000   28.2000  118.2000   25.3000    3.2227
  118.9000   27.4000  118.2000   25.3000    3.2462
  116.2000   23.8000  118.2000   25.3000    3.2114
  116.3000   26.3000  118.2000   25.3000    3.2042
  115.8000   27.4000  118.2000   25.3000    3.2022
  119.6000   28.0000  115.6000   25.0000    3.2087
  118.4000   24.5000  115.6000   25.0000    3.2028
  119.1000   27.6000  115.6000   25.0000    3.2158
  119.1000   27.6000  118.4000   24.5000    3.2412
  119.6000   28.0000  118.4000   24.5000    3.2449
  119.9000   26.2000  118.4000   24.5000    3.2843
  118.2000   25.3000  117.3000   24.4000    3.2056
  116.1000   24.3000  117.3000   24.4000    3.2036
  119.1000   27.6000  117.3000   24.4000    3.2245
  119.0000   25.4000  117.3000   24.4000    3.2453
  118.0000   28.4000  117.3000   24.4000    3.2122
  115.7000   27.9000  117.3000   24.4000    3.1803
  118.4000   24.5000  117.3000   24.4000    3.2229
  118.0000   27.7000  117.3000   24.4000    3.2306
  116.2000   23.8000  117.3000   24.4000    3.2320
  117.5000   27.3000  117.3000   24.4000    3.2142
  117.4000   26.0000  117.3000   24.4000    3.2031
  118.6000   24.9000  117.3000   24.4000    3.2447
  116.6000   27.5000  117.3000   24.4000    3.1811
  116.6000   23.7000  117.3000   24.4000    3.2072
  116.2000   28.2000  117.3000   24.4000    3.1807
  116.5000   25.0000  117.3000   24.4000    3.2560
  117.2000   26.9000  117.3000   24.4000    3.2024
  118.9000   27.4000  117.3000   24.4000    3.2210
  115.8000   27.4000  117.3000   24.4000    3.1779
  119.8000   25.5000  117.3000   24.4000    3.2554
  116.6000   24.7000  117.3000   24.4000    3.2548
  119.5000   27.4000  117.3000   24.4000    3.2607
  115.6000   25.0000  117.3000   24.4000    3.2060
  117.1000   25.7000  117.3000   24.4000    3.1796
  119.6000   28.0000  117.3000   24.4000    3.2143
  115.8000   25.6000  117.3000   24.4000    3.2034
  119.5000   25.2000  117.3000   24.4000    3.2325
  115.6000   25.0000  116.6000   27.5000    3.1855
  119.1000   27.6000  116.6000   27.5000    3.1968
  118.0000   28.4000  116.6000   27.5000    3.1944
  118.4000   24.5000  116.6000   27.5000    3.2151
  118.0000   28.4000  118.1000   26.0000    3.2019
  116.6000   23.7000  118.1000   26.0000    3.2109
  115.8000   27.4000  118.1000   26.0000    3.2299
  115.7000   27.9000  118.1000   26.0000    3.1991
  116.3000   26.3000  118.1000   26.0000    3.2002
  116.2000   23.8000  118.1000   26.0000    3.1960
  116.1000   24.3000  118.1000   26.0000    3.1859
  116.2000   28.2000  118.1000   26.0000    3.2061
  117.6000   24.5000  118.1000   26.0000    3.2500
  115.8000   25.6000  118.1000   26.0000    3.2026
  116.6000   27.5000  118.1000   26.0000    3.1955
  118.4000   24.5000  118.1000   26.0000    3.2703
  119.6000   28.0000  118.1000   26.0000    3.2222
  115.6000   25.0000  118.1000   26.0000    3.2025
  118.6000   24.9000  119.5000   25.2000    3.2577
  116.1000   24.3000  119.5000   25.2000    3.2294
  116.5000   25.0000  119.5000   25.2000    3.2421
  117.5000   27.3000  119.5000   25.2000    3.2748
  118.9000   27.4000  119.5000   25.2000    3.2624
  118.4000   24.5000  119.5000   25.2000    3.2946
  119.8000   25.5000  119.5000   25.2000    3.2192
  117.4000   26.0000  119.5000   25.2000    3.2473
  119.5000   27.4000  119.5000   25.2000    3.2688
  116.6000   24.7000  119.5000   25.2000    3.2391
  115.6000   25.0000  119.5000   25.2000    3.2310
  119.1000   27.6000  119.5000   25.2000    3.2662
  119.6000   28.0000  119.5000   25.2000    3.2732
  116.2000   28.2000  119.5000   25.2000    3.2681
  118.0000   27.7000  119.5000   25.2000    3.2414
  115.8000   27.4000  119.5000   25.2000    3.2110
  118.0000   28.4000  119.5000   25.2000    3.2277
  117.6000   24.5000  119.5000   25.2000    3.2610
  116.3000   26.3000  119.5000   25.2000    3.2163
  116.6000   23.7000  119.5000   25.2000    3.2575
  115.8000   25.6000  119.5000   25.2000    3.2208
  118.2000   25.3000  119.5000   25.2000    3.2855
  117.1000   25.7000  119.5000   25.2000    3.2184
  117.4000   26.0000  119.4000   26.0000    3.2224
  116.3000   26.3000  119.4000   26.0000    3.2280
  115.8000   27.4000  119.4000   26.0000    3.2263
  116.6000   27.5000  119.4000   26.0000    3.2366
  117.5000   27.3000  119.4000   26.0000    3.2242
  119.0000   25.4000  119.4000   26.0000    3.1874
  118.1000   26.0000  119.4000   26.0000    3.2741
  117.3000   24.4000  119.4000   26.0000    3.2423
  115.7000   27.9000  119.4000   26.0000    3.2200
  117.2000   26.9000  119.4000   26.0000    3.2419
  115.8000   25.6000  119.4000   26.0000    3.2047
  116.1000   24.3000  119.4000   26.0000    3.2210
  119.1000   27.6000  119.4000   26.0000    3.2122
  117.6000   24.5000  119.4000   26.0000    3.2376
  118.0000   28.4000  119.4000   26.0000    3.2319
  119.6000   28.0000  119.4000   26.0000    3.2820
  116.6000   23.7000  119.4000   26.0000    3.2401
  117.2000   26.4000  119.4000   26.0000    3.2476
  116.2000   28.2000  119.4000   26.0000    3.2355
  118.6000   24.9000  119.4000   26.0000    3.2581
  118.7000   26.4000  119.4000   26.0000    3.2451
  116.6000   24.7000  119.4000   26.0000    3.2224
  118.2000   25.3000  119.4000   26.0000    3.2303
  117.5000   25.0000  119.4000   26.0000    3.2421
  116.5000   25.0000  119.4000   26.0000    3.2054
  118.0000   27.7000  119.4000   26.0000    3.2691
  118.2000   26.6000  119.4000   26.0000    3.2208
  119.5000   27.4000  119.4000   26.0000    3.2898
  118.5000   27.9000  119.4000   26.0000    3.2437
  119.5000   25.2000  119.4000   26.0000    3.2403
  118.9000   27.4000  119.4000   26.0000    3.2345
  116.2000   23.8000  119.4000   26.0000    3.2294
  118.4000   24.5000  119.4000   26.0000    3.2590
  115.6000   25.0000  119.4000   26.0000    3.2139
  117.1000   25.7000  119.4000   26.0000    3.2449
  115.7000   27.9000  119.6000   26.7000    3.2341
  118.0000   28.4000  119.6000   26.7000    3.1954
  116.2000   23.8000  119.6000   26.7000    3.2221
  117.1000   25.7000  119.6000   26.7000    3.2512
  118.0000   27.7000  119.6000   26.7000    3.2438
  119.5000   25.2000  119.6000   26.7000    3.2763
  117.6000   24.5000  119.6000   26.7000    3.2373
  117.2000   26.9000  119.6000   26.7000    3.2632
  117.3000   24.4000  119.6000   26.7000    3.2397
  116.6000   23.7000  119.6000   26.7000    3.2348
  116.6000   27.5000  119.6000   26.7000    3.2424
  116.2000   28.2000  119.6000   26.7000    3.2277
  116.3000   26.3000  119.6000   26.7000    3.2387
  116.1000   24.3000  119.6000   26.7000    3.2198
  115.8000   25.6000  119.6000   26.7000    3.2237
  119.6000   28.0000  119.6000   26.7000    3.2629
  118.1000   26.0000  119.6000   26.7000    3.2560
  118.4000   24.5000  119.6000   26.7000    3.2590
  118.6000   24.9000  119.6000   26.7000    3.2566
  117.4000   26.0000  119.6000   26.7000    3.2704
  119.1000   27.6000  119.6000   26.7000    3.2524
  119.0000   25.4000  119.6000   26.7000    3.2385
  119.8000   25.5000  119.6000   26.7000    3.2854
  118.2000   26.6000  119.6000   26.7000    3.2799
  118.2000   25.3000  119.6000   26.7000    3.2400
  118.9000   27.4000  119.6000   26.7000    3.2600
  116.6000   24.7000  119.6000   26.7000    3.2264
  115.6000   25.0000  119.6000   26.7000    3.2262
  117.5000   27.3000  119.6000   26.7000    3.2585
  116.5000   25.0000  119.6000   26.7000    3.2316
  118.0000   27.7000  119.0000   25.0000    3.2798
  116.2000   23.8000  119.0000   25.0000    3.2299
  117.5000   27.3000  119.0000   25.0000    3.2422
  118.5000   27.9000  119.0000   25.0000    3.2340
  116.6000   24.7000  119.0000   25.0000    3.2312
  115.6000   25.0000  119.0000   25.0000    3.2146
  117.6000   24.5000  119.0000   25.0000    3.2605
  115.7000   27.9000  119.0000   25.0000    3.2105
  117.3000   24.4000  119.0000   25.0000    3.2357
  116.5000   25.0000  119.0000   25.0000    3.2328
  117.4000   26.0000  119.0000   25.0000    3.2433
  118.9000   27.4000  119.0000   25.0000    3.2332
  119.5000   27.4000  119.0000   25.0000    3.2826
  118.2000   26.6000  119.0000   25.0000    3.2768
  115.8000   27.4000  119.0000   25.0000    3.2101
  118.1000   26.0000  119.0000   25.0000    3.2319
  116.6000   23.7000  119.0000   25.0000    3.2559
  115.8000   25.6000  119.0000   25.0000    3.2113
  118.2000   25.3000  119.0000   25.0000    3.2610
  116.2000   28.2000  119.0000   25.0000    3.2232
  116.6000   27.5000  119.0000   25.0000    3.2218
  119.6000   28.0000  119.0000   25.0000    3.2753
  119.9000   26.4000  119.0000   25.0000    3.2524
  119.5000   25.2000  119.0000   25.0000    3.2942
  117.1000   25.7000  119.0000   25.0000    3.2433
  117.2000   26.4000  119.0000   25.0000    3.2272
  119.6000   26.7000  119.0000   25.0000    3.2709
  116.1000   24.3000  119.0000   25.0000    3.2294
  116.3000   26.3000  119.0000   25.0000    3.2239
  118.4000   24.5000  119.0000   25.0000    3.2763
  119.1000   27.6000  119.0000   25.0000    3.2623
  118.0000   28.4000  119.0000   25.0000    3.2556
  117.2000   26.9000  119.0000   25.0000    3.2311
  117.5000   27.3000  116.5000   25.0000    3.2018
  118.1000   26.0000  116.5000   25.0000    3.2002
  118.2000   25.3000  116.5000   25.0000    3.2057
  116.2000   23.8000  116.5000   25.0000    3.1677
  116.3000   26.3000  116.5000   25.0000    3.2568
  115.8000   27.4000  116.5000   25.0000    3.2103
  118.4000   24.5000  116.5000   25.0000    3.1988
  119.1000   27.6000  116.5000   25.0000    3.2200
  119.6000   28.0000  116.5000   25.0000    3.2139
  119.5000   27.4000  116.5000   25.0000    3.2233
  117.4000   26.0000  116.5000   25.0000    3.1939
  117.1000   25.7000  116.5000   25.0000    3.2107
  115.7000   27.9000  116.5000   25.0000    3.2148
  116.1000   24.3000  116.5000   25.0000    3.1897
  115.8000   25.6000  116.5000   25.0000    3.1775
  115.6000   25.0000  116.5000   25.0000    3.2352
  118.9000   27.4000  116.5000   25.0000    3.2154
  118.0000   28.4000  118.9000   27.4000    3.2115
  115.8000   25.6000  118.9000   27.4000    3.2186
  115.8000   27.4000  118.9000   27.4000    3.2312
  116.3000   26.3000  118.9000   27.4000    3.2358
  116.1000   24.3000  118.9000   27.4000    3.2184
  116.6000   23.7000  118.9000   27.4000    3.2211
  117.6000   24.5000  118.9000   27.4000    3.2498
  118.4000   24.5000  118.9000   27.4000    3.2500
  115.6000   25.0000  118.9000   27.4000    3.2106
  116.2000   23.8000  118.9000   27.4000    3.2163
  116.6000   27.5000  118.9000   27.4000    3.2325
  116.6000   27.5000  117.6000   24.5000    3.1835
  119.1000   27.6000  117.6000   24.5000    3.2532
  115.6000   25.0000  117.6000   24.5000    3.2014
  115.8000   25.6000  117.6000   24.5000    3.2476
  115.8000   27.4000  117.6000   24.5000    3.1964
  118.4000   24.5000  117.6000   24.5000    3.2123
  116.6000   23.7000  117.6000   24.5000    3.1983
  119.6000   28.0000  117.6000   24.5000    3.2548
  115.7000   27.9000  117.6000   24.5000    3.1938
  116.3000   26.3000  117.6000   24.5000    3.1927
  116.1000   24.3000  117.6000   24.5000    3.2054
  118.0000   28.4000  117.6000   24.5000    3.2219
  118.2000   25.3000  117.4000   26.0000    3.2457
  116.1000   24.3000  117.4000   26.0000    3.1973
  116.2000   28.2000  117.4000   26.0000    3.1842
  117.6000   24.5000  117.4000   26.0000    3.1719
  116.6000   27.5000  117.4000   26.0000    3.1819
  116.2000   23.8000  117.4000   26.0000    3.1831
  116.6000   23.7000  117.4000   26.0000    3.2064
  116.6000   24.7000  117.4000   26.0000    3.2165
  115.8000   25.6000  117.4000   26.0000    3.1942
  119.6000   28.0000  117.4000   26.0000    3.2336
  118.1000   26.0000  117.4000   26.0000    3.2499
  118.4000   24.5000  117.4000   26.0000    3.2272
  118.9000   27.4000  117.4000   26.0000    3.2357
  115.6000   25.0000  117.4000   26.0000    3.1862
  116.3000   26.3000  117.4000   26.0000    3.1853
  119.1000   27.6000  117.4000   26.0000    3.2379
  115.7000   27.9000  117.4000   26.0000    3.2185
  115.8000   27.4000  117.4000   26.0000    3.1898
  116.3000   26.3000  118.7000   26.4000    3.2260
  115.8000   25.6000  118.7000   26.4000    3.2107
  116.6000   23.7000  118.7000   26.4000    3.2280
  118.2000   25.3000  118.7000   26.4000    3.2742
  119.8000   25.5000  118.7000   26.4000    3.2498
  118.4000   24.5000  118.7000   26.4000    3.2408
  118.9000   27.4000  118.7000   26.4000    3.2112
  117.2000   26.9000  118.7000   26.4000    3.2311
  115.7000   27.9000  118.7000   26.4000    3.2073
  119.5000   25.2000  118.7000   26.4000    3.2293
  117.4000   26.0000  118.7000   26.4000    3.2599
  118.5000   27.9000  118.7000   26.4000    3.2879
  117.5000   27.3000  118.7000   26.4000    3.2740
  117.5000   25.0000  118.7000   26.4000    3.2110
  115.6000   25.0000  118.7000   26.4000    3.2148
  115.8000   27.4000  118.7000   26.4000    3.2413
  119.1000   27.6000  118.7000   26.4000    3.1931
  118.6000   24.9000  118.7000   26.4000    3.2392
  117.2000   26.4000  118.7000   26.4000    3.2395
  116.6000   27.5000  118.7000   26.4000    3.1851
  116.2000   23.8000  118.7000   26.4000    3.2064
  116.6000   24.7000  118.7000   26.4000    3.2021
  119.0000   25.4000  118.7000   26.4000    3.2641
  118.1000   26.0000  118.7000   26.4000    3.1958
  118.0000   27.7000  118.7000   26.4000    3.1978
  119.6000   28.0000  118.7000   26.4000    3.2746
  116.5000   25.0000  118.7000   26.4000    3.2060
  116.2000   28.2000  118.7000   26.4000    3.2560
  118.0000   28.4000  118.7000   26.4000    3.2109
  117.1000   25.7000  118.7000   26.4000    3.2233
  119.6000   26.7000  118.7000   26.4000    3.2847
  117.3000   24.4000  118.7000   26.4000    3.2239
  115.7000   27.9000  117.1000   25.7000    3.2011
  118.1000   26.0000  117.1000   25.7000    3.2154
  118.4000   24.5000  117.1000   25.7000    3.2476
  115.6000   25.0000  117.1000   25.7000    3.1861
  116.6000   27.5000  117.1000   25.7000    3.1641
  118.9000   27.4000  117.1000   25.7000    3.2260
  119.1000   27.6000  117.1000   25.7000    3.2452
  116.1000   24.3000  117.1000   25.7000    3.1969
  116.2000   23.8000  117.1000   25.7000    3.1964
  116.2000   28.2000  117.1000   25.7000    3.1734
  116.6000   24.7000  117.1000   25.7000    3.2150
  115.8000   27.4000  117.1000   25.7000    3.2262
  119.6000   28.0000  117.1000   25.7000    3.2260
  115.8000   25.6000  117.1000   25.7000    3.2341
  117.6000   24.5000  117.1000   25.7000    3.1713
  116.6000   23.7000  117.1000   25.7000    3.2096
  118.2000   25.3000  117.1000   25.7000    3.2254
  115.6000   25.0000  118.0000   28.4000    3.2278
  118.4000   24.5000  118.0000   28.4000    3.2372
  119.1000   27.6000  118.0000   28.4000    3.1655
  118.1000   26.0000  118.0000   27.7000    3.1972
  118.9000   27.4000  118.0000   27.7000    3.2068
  119.6000   28.0000  118.0000   27.7000    3.2482
  118.2000   25.3000  118.0000   27.7000    3.2237
  116.6000   23.7000  118.0000   27.7000    3.2066
  115.8000   27.4000  118.0000   27.7000    3.2291
  116.1000   24.3000  118.0000   27.7000    3.2100
  115.8000   25.6000  118.0000   27.7000    3.2244
  116.2000   23.8000  118.0000   27.7000    3.2041
  116.6000   24.7000  118.0000   27.7000    3.2069
  116.3000   26.3000  118.0000   27.7000    3.2321
  117.6000   24.5000  118.0000   27.7000    3.2334
  118.4000   24.5000  118.0000   27.7000    3.2461
  116.6000   27.5000  118.0000   27.7000    3.2388
  117.1000   25.7000  118.0000   27.7000    3.2214
  116.6000   27.5000  117.2000   26.4000    3.1828
  118.4000   24.5000  117.2000   26.4000    3.2273
  118.9000   27.4000  117.2000   26.4000    3.2291
  119.0000   25.4000  117.2000   26.4000    3.2423
  118.6000   24.9000  117.2000   26.4000    3.2238
  118.5000   27.9000  117.2000   26.4000    3.2584
  119.1000   27.6000  117.2000   26.4000    3.2161
  116.1000   24.3000  117.2000   26.4000    3.1679
  117.6000   24.5000  117.2000   26.4000    3.1720
  116.3000   26.3000  117.2000   26.4000    3.2257
  116.6000   23.7000  117.2000   26.4000    3.1959
  116.2000   28.2000  117.2000   26.4000    3.1877
  119.5000   25.2000  117.2000   26.4000    3.2217
  118.0000   27.7000  117.2000   26.4000    3.2187
  119.6000   28.0000  117.2000   26.4000    3.2227
  116.6000   24.7000  117.2000   26.4000    3.1875
  115.7000   27.9000  117.2000   26.4000    3.2113
  119.5000   27.4000  117.2000   26.4000    3.2278
  118.2000   25.3000  117.2000   26.4000    3.2017
  118.1000   26.0000  117.2000   26.4000    3.2387
  116.2000   23.8000  117.2000   26.4000    3.1969
  117.3000   24.4000  117.2000   26.4000    3.1948
  119.8000   25.5000  117.2000   26.4000    3.2355
  118.0000   28.4000  117.2000   26.4000    3.1656
  118.2000   26.6000  117.2000   26.4000    3.2277
  115.6000   25.0000  117.2000   26.4000    3.1949
  115.8000   25.6000  117.2000   26.4000    3.1899
  115.8000   27.4000  117.2000   26.4000    3.1731
  116.5000   25.0000  117.2000   26.4000    3.1882
  119.8000   25.5000  119.3000   25.7000    3.2075
  116.3000   26.3000  119.3000   25.7000    3.2222
  117.1000   25.7000  119.3000   25.7000    3.2170
  118.4000   24.5000  119.3000   25.7000    3.2646
  115.7000   27.9000  119.3000   25.7000    3.2124
  117.3000   24.4000  119.3000   25.7000    3.2501
  119.5000   25.2000  119.3000   25.7000    3.1823
  118.0000   27.7000  119.3000   25.7000    3.2317
  118.1000   26.0000  119.3000   25.7000    3.2358
  116.5000   25.0000  119.3000   25.7000    3.2199
  115.6000   25.0000  119.3000   25.7000    3.2239
  116.2000   23.8000  119.3000   25.7000    3.2407
  117.4000   26.0000  119.3000   25.7000    3.2206
  115.8000   25.6000  119.3000   25.7000    3.2119
  119.1000   27.6000  119.3000   25.7000    3.2536
  119.9000   26.4000  119.3000   25.7000    3.2664
  117.5000   25.0000  119.3000   25.7000    3.2475
  118.6000   24.9000  119.3000   25.7000    3.2803
  118.9000   27.4000  119.3000   25.7000    3.2422
  117.5000   27.3000  119.3000   25.7000    3.2862
  119.6000   28.0000  119.3000   25.7000    3.2911
  117.6000   24.5000  119.3000   25.7000    3.2645
  118.7000   26.4000  119.3000   25.7000    3.2586
  116.6000   23.7000  119.3000   25.7000    3.2417
  116.6000   24.7000  119.3000   25.7000    3.2188
  118.0000   28.4000  119.3000   25.7000    3.2121
  117.2000   26.4000  119.3000   25.7000    3.2360
  117.2000   26.9000  119.3000   25.7000    3.2203
  116.1000   24.3000  119.3000   25.7000    3.2165
  118.5000   27.9000  119.3000   25.7000    3.2418
  118.2000   25.3000  119.3000   25.7000    3.2637
  119.0000   25.0000  119.3000   25.7000    3.2180
  118.9000   26.4000  119.3000   25.7000    3.1919
  115.8000   27.4000  119.3000   25.7000    3.2262
  119.0000   25.4000  117.5000   25.0000    3.2493
  118.9000   26.4000  117.5000   25.0000    3.2322
  115.7000   27.9000  117.5000   25.0000    3.2002
  116.3000   26.3000  117.5000   25.0000    3.2172
  119.6000   26.7000  117.5000   25.0000    3.2382
  117.5000   27.3000  117.5000   25.0000    3.2052
  119.5000   25.2000  117.5000   25.0000    3.2797
  115.8000   27.4000  117.5000   25.0000    3.2092
  116.6000   24.7000  117.5000   25.0000    3.1925
  116.6000   27.5000  117.5000   25.0000    3.1743
  115.6000   25.0000  117.5000   25.0000    3.2146
  119.8000   25.5000  117.5000   25.0000    3.2729
  119.5000   27.4000  117.5000   25.0000    3.2439
  116.1000   24.3000  117.5000   25.0000    3.1821
  116.2000   23.8000  117.5000   25.0000    3.2010
  119.0000   25.0000  117.5000   25.0000    3.2861
  116.5000   25.0000  117.5000   25.0000    3.1947
  118.0000   28.4000  117.5000   25.0000    3.2363
  118.6000   24.9000  117.5000   25.0000    3.2838
  118.0000   27.7000  117.5000   25.0000    3.2551
  117.2000   26.9000  117.5000   25.0000    3.1698
  118.1000   26.0000  117.5000   25.0000    3.2454
  116.6000   23.7000  117.5000   25.0000    3.2120
  118.2000   25.3000  117.5000   25.0000    3.2467
  119.9000   26.4000  117.5000   25.0000    3.2548
  115.8000   25.6000  117.5000   25.0000    3.1807
  116.2000   28.2000  117.5000   25.0000    3.1801
  117.3000   24.4000  117.5000   25.0000    3.2956
  115.8000   27.4000  116.2000   28.2000    3.2174
  119.6000   28.0000  116.2000   28.2000    3.2016
  118.4000   24.5000  116.2000   28.2000    3.2134
  118.0000   28.4000  116.2000   28.2000    3.2048
  115.6000   25.0000  116.2000   28.2000    3.2084
  118.0000   27.7000  120.3000   27.1000    3.2402
  119.0000   25.4000  120.3000   27.1000    3.2569
  116.2000   28.2000  120.3000   27.1000    3.2287
  118.1000   26.0000  120.3000   27.1000    3.2611
  118.7000   26.4000  120.3000   27.1000    3.2811
  117.6000   24.5000  120.3000   27.1000    3.2529
  116.6000   27.5000  120.3000   27.1000    3.2355
  117.1000   25.7000  120.3000   27.1000    3.2497
  118.9000   26.4000  120.3000   27.1000    3.2670
  116.3000   26.3000  120.3000   27.1000    3.2455
  118.6000   24.9000  120.3000   27.1000    3.2758
  117.4000   26.0000  120.3000   27.1000    3.2744
  119.4000   26.0000  120.3000   27.1000    3.2551
  119.1000   27.6000  120.3000   27.1000    3.2612
  118.2000   26.6000  120.3000   27.1000    3.2458
  118.0000   28.4000  120.3000   27.1000    3.2102
  117.5000   27.3000  120.3000   27.1000    3.2533
  115.8000   25.6000  120.3000   27.1000    3.2233
  119.5000   25.2000  120.3000   27.1000    3.2919
  116.1000   24.3000  120.3000   27.1000    3.2278
  116.5000   25.0000  120.3000   27.1000    3.2429
  115.6000   25.0000  120.3000   27.1000    3.2306
  118.5000   27.9000  120.3000   27.1000    3.2304
  118.4000   24.5000  120.3000   27.1000    3.2677
  117.2000   26.9000  120.3000   27.1000    3.2420
  116.2000   23.8000  120.3000   27.1000    3.2319
  117.3000   24.4000  120.3000   27.1000    3.2481
  118.9000   27.4000  120.3000   27.1000    3.2437
  117.5000   25.0000  120.3000   27.1000    3.2478
  119.3000   25.7000  120.3000   27.1000    3.2574
  116.6000   24.7000  120.3000   27.1000    3.2354
  116.6000   23.7000  120.3000   27.1000    3.2454
  119.0000   25.0000  120.3000   27.1000    3.2527
  119.6000   28.0000  120.3000   27.1000    3.2184
  115.6000   25.0000  115.8000   25.6000    3.2212
  119.6000   28.0000  115.8000   25.6000    3.2178
  118.4000   24.5000  115.8000   25.6000    3.2063
  116.2000   28.2000  115.8000   25.6000    3.2216
  116.6000   27.5000  115.8000   25.6000    3.1878
  118.0000   28.4000  115.8000   25.6000    3.2223
  119.1000   27.6000  115.8000   25.6000    3.2195
  116.3000   26.3000  115.8000   25.6000    3.2008
  115.8000   27.4000  115.8000   25.6000    3.1942
  116.2000   28.2000  116.1000   24.3000    3.1918
  115.6000   25.0000  116.1000   24.3000    3.2001
  118.4000   24.5000  116.1000   24.3000    3.2352
  118.0000   28.4000  116.1000   24.3000    3.2074
  119.1000   27.6000  116.1000   24.3000    3.2239
  115.8000   27.4000  116.1000   24.3000    3.2020
  116.3000   26.3000  116.1000   24.3000    3.2012
  119.6000   28.0000  116.1000   24.3000    3.2144
  115.7000   27.9000  116.1000   24.3000    3.1925
  119.5000   25.2000  119.0000   25.4000    3.1643
  116.3000   26.3000  119.0000   25.4000    3.2035
  118.6000   24.9000  119.0000   25.4000    3.2608
  116.2000   23.8000  119.0000   25.4000    3.2344
  118.0000   27.7000  119.0000   25.4000    3.2411
  118.1000   26.0000  119.0000   25.4000    3.2737
  116.6000   24.7000  119.0000   25.4000    3.2162
  115.6000   25.0000  119.0000   25.4000    3.2334
  115.8000   25.6000  119.0000   25.4000    3.2115
  119.1000   27.6000  119.0000   25.4000    3.2919
  117.1000   25.7000  119.0000   25.4000    3.2160
  117.2000   26.9000  119.0000   25.4000    3.2403
  116.1000   24.3000  119.0000   25.4000    3.2165
  119.5000   27.4000  119.0000   25.4000    3.2436
  116.6000   23.7000  119.0000   25.4000    3.2379
  116.6000   27.5000  119.0000   25.4000    3.2304
  119.8000   25.5000  119.0000   25.4000    3.2776
  115.7000   27.9000  119.0000   25.4000    3.2285
  119.6000   28.0000  119.0000   25.4000    3.2467
  117.6000   24.5000  119.0000   25.4000    3.2471
  117.5000   27.3000  119.0000   25.4000    3.2121
  118.0000   28.4000  119.0000   25.4000    3.2310
  117.4000   26.0000  119.0000   25.4000    3.2207
  116.2000   28.2000  119.0000   25.4000    3.2214
  118.4000   24.5000  119.0000   25.4000    3.2560
  116.5000   25.0000  118.2000   26.6000    3.1977
  117.5000   27.3000  118.2000   26.6000    3.2050
  115.8000   27.4000  118.2000   26.6000    3.2163
  118.6000   24.9000  118.2000   26.6000    3.2786
  119.5000   27.4000  118.2000   26.6000    3.2251
  117.3000   24.4000  118.2000   26.6000    3.2279
  118.0000   27.7000  118.2000   26.6000    3.2163
  116.6000   23.7000  118.2000   26.6000    3.1980
  118.0000   28.4000  118.2000   26.6000    3.1992
  117.4000   26.0000  118.2000   26.6000    3.2368
  119.0000   25.4000  118.2000   26.6000    3.2158
  118.4000   24.5000  118.2000   26.6000    3.2572
  116.1000   24.3000  118.2000   26.6000    3.2050
  117.1000   25.7000  118.2000   26.6000    3.2079
  116.6000   27.5000  118.2000   26.6000    3.2744
  119.6000   28.0000  118.2000   26.6000    3.2455
  115.8000   25.6000  118.2000   26.6000    3.2096
  117.6000   24.5000  118.2000   26.6000    3.2559
  116.2000   23.8000  118.2000   26.6000    3.2129
  118.2000   25.3000  118.2000   26.6000    3.2009
  117.2000   26.9000  118.2000   26.6000    3.2218
  116.3000   26.3000  118.2000   26.6000    3.2516
  119.5000   25.2000  118.2000   26.6000    3.2811
  119.8000   25.5000  118.2000   26.6000    3.2722
  116.6000   24.7000  118.2000   26.6000    3.2168
  116.2000   28.2000  118.2000   26.6000    3.2339
  115.8000   27.4000  118.6000   24.9000    3.2065
  119.6000   28.0000  118.6000   24.9000    3.2393
  116.6000   24.7000  118.6000   24.9000    3.2342
  116.1000   24.3000  118.6000   24.9000    3.2191
  119.1000   27.6000  118.6000   24.9000    3.2386
  117.4000   26.0000  118.6000   24.9000    3.2131
  118.1000   26.0000  118.6000   24.9000    3.2928
  116.6000   23.7000  118.6000   24.9000    3.2338
  116.3000   26.3000  118.6000   24.9000    3.2039
  115.7000   27.9000  118.6000   24.9000    3.2060
  115.8000   25.6000  118.6000   24.9000    3.2231
  117.2000   26.9000  118.6000   24.9000    3.2472
  116.2000   28.2000  118.6000   24.9000    3.2309
  118.0000   27.7000  118.6000   24.9000    3.2511
  118.9000   27.4000  118.6000   24.9000    3.2486
  116.6000   27.5000  118.6000   24.9000    3.2194
  117.1000   25.7000  118.6000   24.9000    3.2128
  118.0000   28.4000  118.6000   24.9000    3.2420
  116.2000   23.8000  118.6000   24.9000    3.2323
  117.5000   27.3000  118.6000   24.9000    3.2584
  117.6000   24.5000  118.6000   24.9000    3.2519
  118.2000   25.3000  118.6000   24.9000    3.1910
  115.6000   25.0000  118.6000   24.9000    3.2113
  116.5000   25.0000  118.6000   24.9000    3.2184
  119.5000   27.4000  118.6000   24.9000    3.2372
  118.0000   28.4000  119.5000   27.4000    3.2195
  118.4000   24.5000  119.5000   27.4000    3.2451
  116.2000   23.8000  119.5000   27.4000    3.2177
  117.4000   26.0000  119.5000   27.4000    3.2280
  118.9000   27.4000  119.5000   27.4000    3.2851
  116.3000   26.3000  119.5000   27.4000    3.2355
  116.1000   24.3000  119.5000   27.4000    3.2141
  118.0000   27.7000  119.5000   27.4000    3.2403
  117.2000   26.9000  119.5000   27.4000    3.2718
  118.1000   26.0000  119.5000   27.4000    3.2383
  116.6000   24.7000  119.5000   27.4000    3.2155
  119.1000   27.6000  119.5000   27.4000    3.2000
  117.1000   25.7000  119.5000   27.4000    3.2231
  116.6000   23.7000  119.5000   27.4000    3.2351
  115.6000   25.0000  119.5000   27.4000    3.2144
  115.8000   25.6000  119.5000   27.4000    3.2216
  118.4000   24.5000  116.3000   26.3000    3.2403
  115.6000   25.0000  116.3000   26.3000    3.1785
  119.1000   27.6000  116.3000   26.3000    3.2268
  118.0000   28.4000  116.3000   26.3000    3.2277
  119.6000   28.0000  116.3000   26.3000    3.2228
  115.8000   25.6000  117.5000   27.3000    3.2170
  118.2000   25.3000  117.5000   27.3000    3.2672
  118.1000   26.0000  117.5000   27.3000    3.2779
  116.3000   26.3000  117.5000   27.3000    3.2168
  119.6000   28.0000  117.5000   27.3000    3.2313
  116.2000   28.2000  117.5000   27.3000    3.2267
  117.1000   25.7000  117.5000   27.3000    3.2662
  115.7000   27.9000  117.5000   27.3000    3.1788
  117.6000   24.5000  117.5000   27.3000    3.2050
  116.6000   24.7000  117.5000   27.3000    3.1998
  116.1000   24.3000  117.5000   27.3000    3.1908
  119.1000   27.6000  117.5000   27.3000    3.2411
  117.4000   26.0000  117.5000   27.3000    3.2549
  118.4000   24.5000  117.5000   27.3000    3.2494
  115.6000   25.0000  117.5000   27.3000    3.2159
  118.0000   27.7000  117.5000   27.3000    3.1690
  116.6000   23.7000  117.5000   27.3000    3.2033
  118.9000   27.4000  117.5000   27.3000    3.2878
  116.6000   27.5000  117.5000   27.3000    3.1878
  116.2000   23.8000  117.5000   27.3000    3.1980
  119.5000   27.4000  116.4000   25.8000    3.2193
  117.2000   26.9000  116.4000   25.8000    3.2137
  118.7000   26.4000  116.4000   25.8000    3.2085
  118.0000   27.7000  116.4000   25.8000    3.2372
  115.7000   27.9000  116.4000   25.8000    3.2019
  115.8000   27.4000  116.4000   25.8000    3.2042
  118.4000   24.5000  116.4000   25.8000    3.2247
  117.4000   23.7000  116.4000   25.8000    3.1943
  117.5000   27.3000  116.4000   25.8000    3.2338
  118.2000   26.6000  116.4000   25.8000    3.2092
  120.3000   27.1000  116.4000   25.8000    3.2307
  116.2000   23.8000  116.4000   25.8000    3.2061
  116.6000   27.5000  116.4000   25.8000    3.1922
  119.0000   25.4000  116.4000   25.8000    3.2016
  118.0000   28.4000  116.4000   25.8000    3.2229
  119.1000   27.6000  116.4000   25.8000    3.2128
  116.1000   24.3000  116.4000   25.8000    3.2125
  118.6000   24.9000  116.4000   25.8000    3.1999
  116.6000   24.7000  116.4000   25.8000    3.2464
  116.5000   25.0000  116.4000   25.8000    3.2802
  116.3000   26.3000  116.4000   25.8000    3.2330
  115.8000   25.6000  116.4000   25.8000    3.1653
  116.2000   28.2000  116.4000   25.8000    3.2258
  117.3000   24.4000  116.4000   25.8000    3.1694
  117.1000   25.7000  116.4000   25.8000    3.1859
  117.5000   25.0000  116.4000   25.8000    3.2098
  115.6000   25.0000  116.4000   25.8000    3.2040
  118.1000   26.0000  116.4000   25.8000    3.2042
  119.6000   26.7000  116.4000   25.8000    3.2251
  118.9000   27.4000  116.4000   25.8000    3.2194
  119.4000   26.0000  116.4000   25.8000    3.2108
  118.2000   25.3000  116.4000   25.8000    3.1942
  117.6000   24.5000  116.4000   25.8000    3.2020
  116.6000   23.7000  116.4000   25.8000    3.1914
  117.4000   26.0000  116.4000   25.8000    3.2087
  119.3000   25.7000  116.4000   25.8000    3.2049
  119.6000   28.0000  116.4000   25.8000    3.2237
  119.5000   25.2000  116.4000   25.8000    3.2142
  118.5000   27.9000  116.4000   25.8000    3.2292
  117.2000   26.4000  116.4000   25.8000    3.2132
  119.8000   25.5000  116.4000   25.8000    3.2203
  115.8000   25.6000  115.7000   27.9000    3.1861
  118.0000   28.4000  115.7000   27.9000    3.2174
  115.6000   25.0000  115.7000   27.9000    3.2063
  119.6000   28.0000  115.7000   27.9000    3.2294
  116.6000   27.5000  115.7000   27.9000    3.1959
  115.8000   27.4000  115.7000   27.9000    3.1857
  118.4000   24.5000  115.7000   27.9000    3.2199
  116.3000   26.3000  115.7000   27.9000    3.1923
  115.7000   27.9000  116.6000   23.7000    3.2018
  118.0000   28.4000  116.6000   23.7000    3.2048
  116.2000   28.2000  116.6000   23.7000    3.1797
  115.6000   25.0000  116.6000   23.7000    3.2045
  115.8000   25.6000  116.6000   23.7000    3.2020
  119.6000   28.0000  116.6000   23.7000    3.2169
  116.3000   26.3000  116.6000   23.7000    3.1939
  119.1000   27.6000  116.6000   23.7000    3.2154
  118.4000   24.5000  116.6000   23.7000    3.2748
  116.1000   24.3000  116.6000   23.7000    3.2850
  116.1000   24.3000  117.2000   26.9000    3.1977
  115.7000   27.9000  117.2000   26.9000    3.2128
  118.0000   28.4000  117.2000   26.9000    3.2087
  116.6000   27.5000  117.2000   26.9000    3.2466
  116.3000   26.3000  117.2000   26.9000    3.2116
  118.9000   27.4000  117.2000   26.9000    3.2559
  117.1000   25.7000  117.2000   26.9000    3.2285
  116.6000   23.7000  117.2000   26.9000    3.1939
  116.2000   28.2000  117.2000   26.9000    3.2193
  118.0000   27.7000  117.2000   26.9000    3.2727
  118.2000   25.3000  117.2000   26.9000    3.2425
  118.1000   26.0000  117.2000   26.9000    3.1936
  119.1000   27.6000  117.2000   26.9000    3.2391
  115.8000   25.6000  117.2000   26.9000    3.2068
  116.6000   24.7000  117.2000   26.9000    3.1718
  115.8000   27.4000  117.2000   26.9000    3.2173
  116.2000   23.8000  117.2000   26.9000    3.1906
  119.6000   28.0000  117.2000   26.9000    3.2319
  115.6000   25.0000  117.2000   26.9000    3.2148
  118.4000   24.5000  117.2000   26.9000    3.2359
  118.7000   26.4000  117.4000   23.7000    3.2351
  117.2000   26.9000  117.4000   23.7000    3.2001
  116.6000   27.5000  117.4000   23.7000    3.1902
  116.2000   23.8000  117.4000   23.7000    3.2622
  116.2000   28.2000  117.4000   23.7000    3.1881
  118.1000   26.0000  117.4000   23.7000    3.2375
  119.3000   25.7000  117.4000   23.7000    3.2528
  117.5000   27.3000  117.4000   23.7000    3.2082
  119.4000   26.0000  117.4000   23.7000    3.2535
  120.3000   27.1000  117.4000   23.7000    3.2494
  117.2000   26.4000  117.4000   23.7000    3.1949
  117.5000   25.0000  117.4000   23.7000    3.2257
  116.3000   26.3000  117.4000   23.7000    3.1876
  116.1000   24.3000  117.4000   23.7000    3.2298
  116.6000   23.7000  117.4000   23.7000    3.1949
  117.4000   26.0000  117.4000   23.7000    3.1939
  118.6000   24.9000  117.4000   23.7000    3.2488
  116.6000   24.7000  117.4000   23.7000    3.2170
  119.0000   25.0000  117.4000   23.7000    3.2426
  115.8000   27.4000  117.4000   23.7000    3.1923
  115.7000   27.9000  117.4000   23.7000    3.1928
  117.6000   24.5000  117.4000   23.7000    3.2517
  119.6000   28.0000  117.4000   23.7000    3.2454
  118.4000   24.5000  117.4000   23.7000    3.2061
  118.9000   27.4000  117.4000   23.7000    3.2474
  118.2000   26.6000  117.4000   23.7000    3.2402
  119.0000   25.4000  117.4000   23.7000    3.2440
  119.6000   26.7000  117.4000   23.7000    3.2546
  115.8000   25.6000  117.4000   23.7000    3.2109
  118.5000   27.9000  117.4000   23.7000    3.2418
  119.9000   26.4000  117.4000   23.7000    3.2544
  119.1000   27.6000  117.4000   23.7000    3.2385
  117.3000   24.4000  117.4000   23.7000    3.2242
  119.8000   25.5000  117.4000   23.7000    3.2365
  118.0000   27.7000  117.4000   23.7000    3.2336
  117.1000   25.7000  117.4000   23.7000    3.1932
  116.5000   25.0000  117.4000   23.7000    3.2135
  115.6000   25.0000  117.4000   23.7000    3.2057
  118.2000   25.3000  117.4000   23.7000    3.2505
  119.5000   27.4000  117.4000   23.7000    3.2498
  118.9000   26.4000  117.4000   23.7000    3.2534
  116.6000   27.5000  115.8000   27.4000    3.2867
  119.1000   27.6000  115.8000   27.4000    3.1976
  119.6000   28.0000  115.8000   27.4000    3.2146
  115.6000   25.0000  115.8000   27.4000    3.2278
  118.0000   28.4000  115.8000   27.4000    3.1978
  116.3000   26.3000  115.8000   27.4000    3.1649
  118.4000   24.5000  115.8000   27.4000    3.2247
  119.0000   25.4000  118.5000   27.9000    3.2583
  115.8000   27.4000  118.5000   27.9000    3.2288
  117.1000   25.7000  118.5000   27.9000    3.2112
  115.8000   25.6000  118.5000   27.9000    3.2135
  116.6000   24.7000  118.5000   27.9000    3.2196
  116.2000   23.8000  118.5000   27.9000    3.2190
  116.5000   25.0000  118.5000   27.9000    3.2062
  116.3000   26.3000  118.5000   27.9000    3.2181
  116.1000   24.3000  118.5000   27.9000    3.2090
  116.6000   27.5000  118.5000   27.9000    3.2276
  115.7000   27.9000  118.5000   27.9000    3.1975
  119.5000   25.2000  118.5000   27.9000    3.2483
  118.4000   24.5000  118.5000   27.9000    3.2541
  118.9000   27.4000  118.5000   27.9000    3.2808
  119.1000   27.6000  118.5000   27.9000    3.1836
  119.5000   27.4000  118.5000   27.9000    3.2601
  118.1000   26.0000  118.5000   27.9000    3.2365
  118.6000   24.9000  118.5000   27.9000    3.2633
  116.6000   23.7000  118.5000   27.9000    3.2169
  117.5000   27.3000  118.5000   27.9000    3.2087
  117.2000   26.9000  118.5000   27.9000    3.2186
  119.6000   28.0000  118.5000   27.9000    3.2643
  115.6000   25.0000  118.5000   27.9000    3.2221
  117.6000   24.5000  118.5000   27.9000    3.2530
  116.2000   28.2000  118.5000   27.9000    3.2238
  118.2000   25.3000  118.5000   27.9000    3.2245
  118.0000   27.7000  118.5000   27.9000    3.2620
  115.8000   27.4000  119.9000   26.4000    3.2370
  119.0000   25.4000  119.9000   26.4000    3.2776
  116.5000   25.0000  119.9000   26.4000    3.2239
  117.2000   26.4000  119.9000   26.4000    3.2556
  118.0000   28.4000  119.9000   26.4000    3.2235
  116.6000   24.7000  119.9000   26.4000    3.2339
  119.1000   27.6000  119.9000   26.4000    3.2662
  118.9000   26.4000  119.9000   26.4000    3.2953
  115.8000   25.6000  119.9000   26.4000    3.2277
  116.6000   27.5000  119.9000   26.4000    3.2474
  116.1000   24.3000  119.9000   26.4000    3.2264
  115.6000   25.0000  119.9000   26.4000    3.2240
  119.6000   26.7000  119.9000   26.4000    3.2574
  116.2000   28.2000  119.9000   26.4000    3.2415
  116.6000   23.7000  119.9000   26.4000    3.2461
  117.6000   24.5000  119.9000   26.4000    3.2569
  119.5000   25.2000  119.9000   26.4000    3.2931
  118.0000   27.7000  119.9000   26.4000    3.2467
  118.2000   25.3000  119.9000   26.4000    3.2550
  117.5000   27.3000  119.9000   26.4000    3.2527
  117.2000   26.9000  119.9000   26.4000    3.2510
  116.2000   23.8000  119.9000   26.4000    3.2363
  116.3000   26.3000  119.9000   26.4000    3.2494
  117.3000   24.4000  119.9000   26.4000    3.2486
  118.5000   27.9000  119.9000   26.4000    3.2347
  118.6000   24.9000  119.9000   26.4000    3.2953
  118.4000   24.5000  119.9000   26.4000    3.2784
  117.1000   25.7000  119.9000   26.4000    3.2544
  117.4000   26.0000  119.9000   26.4000    3.2755
  118.2000   26.6000  119.9000   26.4000    3.2525
  118.9000   27.4000  119.9000   26.4000    3.2381
  119.6000   28.0000  119.9000   26.4000    3.2761
  118.1000   26.0000  119.9000   26.4000    3.2951
  115.7000   27.9000  119.9000   26.4000    3.2360
