   627    3.8555    0.0890       032
  120.4000   23.9000  119.9000   26.2000    3.7135
  115.8000   27.4000  116.2000   23.8000    3.9556
  115.6000   25.0000  116.2000   23.8000    3.6930
  116.6000   27.5000  116.2000   23.8000    3.8613
  119.1000   27.6000  116.2000   23.8000    3.8337
  116.3000   26.3000  116.2000   23.8000    3.9039
  115.7000   27.9000  116.2000   23.8000    3.8153
  115.8000   25.6000  116.2000   23.8000    3.8226
  116.2000   28.2000  116.2000   23.8000    3.7885
  118.4000   24.5000  116.2000   23.8000    3.8548
  116.3000   26.3000  116.6000   24.7000    3.8069
  115.8000   27.4000  116.6000   24.7000    3.6990
  115.8000   25.6000  116.6000   24.7000    3.8334
  116.2000   28.2000  116.6000   24.7000    3.8546
  118.9000   27.4000  116.6000   24.7000    3.9074
  118.1000   26.0000  116.6000   24.7000    3.8099
  119.6000   28.0000  116.6000   24.7000    4.0813
  119.1000   27.6000  116.6000   24.7000    3.9038
  118.0000   28.4000  116.6000   24.7000    3.8398
  118.4000   24.5000  116.6000   24.7000    3.8799
  115.7000   27.9000  116.6000   24.7000    3.8463
  116.5000   25.0000  118.9000   26.4000    3.6687
  115.8000   27.4000  118.9000   26.4000    3.9114
  116.6000   23.7000  118.9000   26.4000    3.8710
  118.6000   24.9000  118.9000   26.4000    3.9064
  117.4000   26.0000  118.9000   26.4000    3.8909
  116.6000   27.5000  118.9000   26.4000    3.8354
  116.2000   28.2000  118.9000   26.4000    3.8509
  119.5000   27.4000  118.9000   26.4000    4.0497
  117.3000   24.4000  118.9000   26.4000    3.7313
  115.7000   27.9000  118.9000   26.4000    3.8482
  118.0000   28.4000  118.9000   26.4000    3.8323
  118.5000   27.9000  118.9000   26.4000    3.8408
  119.1000   27.6000  118.9000   26.4000    3.8703
  117.1000   25.7000  118.9000   26.4000    3.7877
  117.5000   27.3000  118.9000   26.4000    3.8125
  116.1000   24.3000  118.9000   26.4000    3.8130
  117.2000   26.4000  118.9000   26.4000    3.8365
  118.0000   27.7000  118.9000   26.4000    3.8150
  119.5000   25.2000  118.9000   26.4000    3.7058
  119.6000   28.0000  118.9000   26.4000    3.7742
  118.4000   24.5000  118.9000   26.4000    3.9502
  115.8000   25.6000  118.9000   26.4000    3.9085
  117.6000   24.5000  118.9000   26.4000    3.8881
  116.3000   26.3000  118.9000   26.4000    3.8996
  116.6000   24.7000  118.9000   26.4000    3.8529
  118.0000   27.7000  119.8000   25.5000    3.7083
  117.1000   25.7000  119.8000   25.5000    4.0964
  118.0000   28.4000  119.8000   25.5000    3.8699
  116.6000   23.7000  119.8000   25.5000    3.7550
  118.9000   27.4000  119.8000   25.5000    3.8736
  119.6000   28.0000  119.8000   25.5000    3.9347
  117.5000   27.3000  119.8000   25.5000    3.7898
  116.1000   24.3000  118.2000   25.3000    3.8332
  116.6000   27.5000  118.2000   25.3000    3.7843
  116.6000   23.7000  118.2000   25.3000    3.8813
  116.6000   24.7000  118.2000   25.3000    3.7229
  118.0000   28.4000  118.2000   25.3000    3.8415
  119.1000   27.6000  118.2000   25.3000    3.9322
  115.8000   25.6000  118.2000   25.3000    3.8078
  115.7000   27.9000  118.2000   25.3000    3.8379
  116.2000   28.2000  118.2000   25.3000    3.8651
  118.9000   27.4000  118.2000   25.3000    3.8748
  116.2000   23.8000  118.2000   25.3000    3.9385
  116.3000   26.3000  118.2000   25.3000    3.7695
  115.8000   27.4000  118.2000   25.3000    3.8464
  120.4000   23.9000  118.4000   24.5000    3.7852
  119.1000   27.6000  118.4000   24.5000    3.9354
  119.9000   26.2000  118.4000   24.5000    4.0912
  118.0000   28.4000  117.3000   24.4000    3.8235
  115.7000   27.9000  117.3000   24.4000    3.8003
  118.0000   27.7000  117.3000   24.4000    3.9586
  117.5000   27.3000  117.3000   24.4000    3.9091
  117.4000   26.0000  117.3000   24.4000    3.8416
  116.3000   26.3000  117.3000   24.4000    3.7962
  118.6000   24.9000  117.3000   24.4000    4.0791
  116.6000   27.5000  117.3000   24.4000    3.8486
  116.2000   28.2000  117.3000   24.4000    3.8237
  117.2000   26.9000  117.3000   24.4000    3.8908
  118.9000   27.4000  117.3000   24.4000    3.8330
  115.8000   27.4000  117.3000   24.4000    4.0133
  119.5000   27.4000  117.3000   24.4000    3.8253
  118.1000   26.0000  117.3000   24.4000    3.9099
  115.6000   25.0000  117.3000   24.4000    3.6949
  117.1000   25.7000  117.3000   24.4000    3.7820
  115.8000   25.6000  117.3000   24.4000    3.7587
  119.5000   25.2000  117.3000   24.4000    3.9246
  115.6000   25.0000  116.6000   27.5000    4.0975
  116.3000   26.3000  116.6000   27.5000    3.9224
  119.1000   27.6000  116.6000   27.5000    3.9204
  118.0000   28.4000  116.6000   27.5000    3.8082
  118.4000   24.5000  116.6000   27.5000    3.8512
  118.0000   28.4000  118.1000   26.0000    3.8239
  118.9000   27.4000  118.1000   26.0000    3.9395
  116.6000   23.7000  118.1000   26.0000    3.8950
  115.8000   27.4000  118.1000   26.0000    3.7178
  115.7000   27.9000  118.1000   26.0000    3.8513
  116.3000   26.3000  118.1000   26.0000    3.8680
  116.2000   23.8000  118.1000   26.0000    3.9699
  116.1000   24.3000  118.1000   26.0000    3.8140
  116.2000   28.2000  118.1000   26.0000    3.8037
  117.6000   24.5000  118.1000   26.0000    3.7075
  115.8000   25.6000  118.1000   26.0000    3.8481
  116.6000   27.5000  118.1000   26.0000    3.7895
  118.4000   24.5000  118.1000   26.0000    3.8633
  119.6000   28.0000  118.1000   26.0000    3.7655
  115.6000   25.0000  118.1000   26.0000    3.9973
  119.1000   27.6000  118.1000   26.0000    3.9400
  116.1000   24.3000  119.5000   25.2000    3.8637
  117.5000   27.3000  119.5000   25.2000    3.8646
  118.9000   27.4000  119.5000   25.2000    3.8404
  118.4000   24.5000  119.5000   25.2000    3.7885
  117.4000   26.0000  119.5000   25.2000    3.7769
  119.5000   27.4000  119.5000   25.2000    3.8141
  116.6000   24.7000  119.5000   25.2000    3.8471
  116.6000   27.5000  119.5000   25.2000    3.8806
  115.6000   25.0000  119.5000   25.2000    3.6449
  119.1000   27.6000  119.5000   25.2000    3.8079
  116.2000   28.2000  119.5000   25.2000    3.8410
  118.0000   27.7000  119.5000   25.2000    3.8521
  118.0000   28.4000  119.5000   25.2000    3.8431
  117.6000   24.5000  119.5000   25.2000    3.6511
  116.3000   26.3000  119.5000   25.2000    3.8381
  116.6000   23.7000  119.5000   25.2000    3.8703
  115.8000   25.6000  119.5000   25.2000    3.9502
  117.1000   25.7000  119.5000   25.2000    3.7604
  115.7000   27.9000  119.5000   25.2000    3.8449
  117.4000   26.0000  119.4000   26.0000    3.8859
  116.3000   26.3000  119.4000   26.0000    3.9002
  116.6000   27.5000  119.4000   26.0000    3.8620
  117.5000   27.3000  119.4000   26.0000    3.8185
  117.3000   24.4000  119.4000   26.0000    3.7641
  117.2000   26.9000  119.4000   26.0000    3.8324
  115.8000   25.6000  119.4000   26.0000    3.8091
  116.1000   24.3000  119.4000   26.0000    3.8522
  119.1000   27.6000  119.4000   26.0000    3.8056
  118.0000   28.4000  119.4000   26.0000    3.8580
  117.2000   26.4000  119.4000   26.0000    3.8721
  116.2000   28.2000  119.4000   26.0000    3.8357
  118.6000   24.9000  119.4000   26.0000    3.8927
  116.6000   24.7000  119.4000   26.0000    3.8349
  118.2000   25.3000  119.4000   26.0000    3.8848
  117.5000   25.0000  119.4000   26.0000    3.8168
  119.0000   25.0000  119.4000   26.0000    4.0841
  118.0000   27.7000  119.4000   26.0000    3.7849
  118.2000   26.6000  119.4000   26.0000    3.9999
  119.5000   27.4000  119.4000   26.0000    3.8369
  118.5000   27.9000  119.4000   26.0000    3.7950
  118.9000   27.4000  119.4000   26.0000    3.8586
  116.2000   23.8000  119.4000   26.0000    3.8616
  118.4000   24.5000  119.4000   26.0000    3.9086
  117.1000   25.7000  119.4000   26.0000    3.8909
  115.7000   27.9000  119.6000   26.7000    3.8769
  118.0000   28.4000  119.6000   26.7000    3.7555
  116.2000   23.8000  119.6000   26.7000    3.8095
  117.1000   25.7000  119.6000   26.7000    3.8280
  118.0000   27.7000  119.6000   26.7000    3.7405
  119.5000   25.2000  119.6000   26.7000    3.7578
  118.5000   27.9000  119.6000   26.7000    3.7532
  117.2000   26.9000  119.6000   26.7000    3.8868
  117.3000   24.4000  119.6000   26.7000    3.9606
  116.6000   23.7000  119.6000   26.7000    3.9065
  116.6000   27.5000  119.6000   26.7000    3.8472
  116.2000   28.2000  119.6000   26.7000    3.8855
  116.3000   26.3000  119.6000   26.7000    3.8077
  116.1000   24.3000  119.6000   26.7000    3.8448
  115.8000   25.6000  119.6000   26.7000    3.8195
  118.1000   26.0000  119.6000   26.7000    3.7013
  118.4000   24.5000  119.6000   26.7000    3.9342
  118.6000   24.9000  119.6000   26.7000    3.9021
  117.4000   26.0000  119.6000   26.7000    3.7836
  115.8000   27.4000  119.6000   26.7000    3.8307
  119.1000   27.6000  119.6000   26.7000    3.9731
  119.0000   25.4000  119.6000   26.7000    3.9049
  119.8000   25.5000  119.6000   26.7000    3.6734
  118.2000   26.6000  119.6000   26.7000    4.0986
  118.2000   25.3000  119.6000   26.7000    3.7684
  118.9000   27.4000  119.6000   26.7000    4.0507
  116.6000   24.7000  119.6000   26.7000    3.7795
  115.6000   25.0000  119.6000   26.7000    4.0583
  117.5000   27.3000  119.6000   26.7000    3.8449
  118.0000   27.7000  119.0000   25.0000    3.8868
  117.5000   27.3000  119.0000   25.0000    3.8268
  118.5000   27.9000  119.0000   25.0000    3.8236
  116.6000   24.7000  119.0000   25.0000    3.8476
  115.6000   25.0000  119.0000   25.0000    3.9416
  115.7000   27.9000  119.0000   25.0000    3.8772
  117.3000   24.4000  119.0000   25.0000    3.8054
  117.4000   26.0000  119.0000   25.0000    3.8371
  118.9000   27.4000  119.0000   25.0000    3.8747
  119.5000   27.4000  119.0000   25.0000    3.9187
  118.2000   26.6000  119.0000   25.0000    3.7642
  115.8000   27.4000  119.0000   25.0000    3.8786
  118.9000   26.4000  119.0000   25.0000    3.8562
  118.1000   26.0000  119.0000   25.0000    3.8952
  116.6000   23.7000  119.0000   25.0000    3.8389
  115.8000   25.6000  119.0000   25.0000    3.8475
  116.2000   28.2000  119.0000   25.0000    3.8676
  116.6000   27.5000  119.0000   25.0000    3.8705
  119.9000   26.4000  119.0000   25.0000    3.9766
  117.1000   25.7000  119.0000   25.0000    3.8167
  117.2000   26.4000  119.0000   25.0000    3.8282
  119.6000   26.7000  119.0000   25.0000    3.8794
  116.1000   24.3000  119.0000   25.0000    3.8784
  116.3000   26.3000  119.0000   25.0000    3.8270
  119.1000   27.6000  119.0000   25.0000    3.8445
  118.0000   28.4000  119.0000   25.0000    3.8574
  118.1000   26.0000  116.5000   25.0000    4.1173
  116.2000   23.8000  116.5000   25.0000    3.9649
  115.8000   27.4000  116.5000   25.0000    3.9634
  117.4000   26.0000  116.5000   25.0000    3.6568
  115.8000   25.6000  116.5000   25.0000    4.1105
  118.9000   27.4000  116.5000   25.0000    3.6969
  118.0000   28.4000  118.9000   27.4000    3.7184
  115.8000   25.6000  118.9000   27.4000    3.7882
  115.8000   27.4000  118.9000   27.4000    3.6565
  116.3000   26.3000  118.9000   27.4000    3.8273
  116.1000   24.3000  118.9000   27.4000    3.8250
  116.6000   23.7000  118.9000   27.4000    3.8426
  117.6000   24.5000  118.9000   27.4000    3.6955
  118.4000   24.5000  118.9000   27.4000    3.9238
  116.2000   23.8000  118.9000   27.4000    3.8196
  116.6000   27.5000  118.9000   27.4000    3.9187
  116.6000   27.5000  117.6000   24.5000    3.9566
  115.8000   27.4000  117.6000   24.5000    4.0436
  115.7000   27.9000  117.6000   24.5000    3.7410
  116.3000   26.3000  117.6000   24.5000    3.6669
  118.2000   25.3000  117.4000   26.0000    4.0126
  116.1000   24.3000  117.4000   26.0000    3.7947
  116.2000   28.2000  117.4000   26.0000    3.7953
  116.6000   27.5000  117.4000   26.0000    3.7329
  116.2000   23.8000  117.4000   26.0000    3.7559
  116.6000   23.7000  117.4000   26.0000    3.8312
  116.6000   24.7000  117.4000   26.0000    3.7615
  115.8000   25.6000  117.4000   26.0000    3.8371
  118.4000   24.5000  117.4000   26.0000    3.7989
  118.9000   27.4000  117.4000   26.0000    3.7875
  119.1000   27.6000  117.4000   26.0000    3.7658
  115.7000   27.9000  117.4000   26.0000    3.8087
  118.0000   28.4000  117.4000   26.0000    3.9227
  115.8000   27.4000  117.4000   26.0000    3.7218
  118.2000   25.3000  118.7000   26.4000    4.0621
  118.4000   24.5000  118.7000   26.4000    3.7382
  118.9000   27.4000  118.7000   26.4000    4.0876
  115.7000   27.9000  118.7000   26.4000    4.0363
  118.5000   27.9000  118.7000   26.4000    4.0099
  117.5000   25.0000  118.7000   26.4000    3.9801
  115.8000   27.4000  118.7000   26.4000    3.8191
  116.6000   24.7000  118.7000   26.4000    3.7307
  118.0000   27.7000  118.7000   26.4000    3.9216
  118.0000   28.4000  118.7000   26.4000    3.8269
  117.3000   24.4000  118.7000   26.4000    4.0868
  116.3000   26.3000  117.1000   25.7000    4.0602
  115.7000   27.9000  117.1000   25.7000    3.7958
  118.4000   24.5000  117.1000   25.7000    3.8140
  116.6000   27.5000  117.1000   25.7000    3.7544
  118.9000   27.4000  117.1000   25.7000    3.8091
  119.1000   27.6000  117.1000   25.7000    3.8762
  116.1000   24.3000  117.1000   25.7000    3.7764
  116.2000   28.2000  117.1000   25.7000    3.8131
  118.0000   28.4000  117.1000   25.7000    3.9011
  115.8000   27.4000  117.1000   25.7000    3.7352
  119.6000   28.0000  117.1000   25.7000    3.9539
  115.8000   25.6000  117.1000   25.7000    4.0090
  117.6000   24.5000  117.1000   25.7000    3.6689
  116.6000   23.7000  117.1000   25.7000    3.9317
  115.6000   25.0000  118.0000   28.4000    3.8478
  118.4000   24.5000  118.0000   28.4000    3.8915
  119.1000   27.6000  118.0000   28.4000    3.8091
  118.1000   26.0000  118.0000   27.7000    3.8465
  118.2000   25.3000  118.0000   27.7000    3.8787
  116.6000   23.7000  118.0000   27.7000    3.8465
  116.1000   24.3000  118.0000   27.7000    3.8611
  115.8000   25.6000  118.0000   27.7000    3.8138
  116.2000   23.8000  118.0000   27.7000    3.9587
  116.2000   28.2000  118.0000   27.7000    3.8456
  116.6000   24.7000  118.0000   27.7000    3.9241
  115.7000   27.9000  118.0000   27.7000    3.8615
  116.3000   26.3000  118.0000   27.7000    3.8137
  118.4000   24.5000  118.0000   27.7000    3.9361
  117.4000   26.0000  118.0000   27.7000    3.8856
  116.6000   27.5000  118.0000   27.7000    3.8898
  117.1000   25.7000  118.0000   27.7000    3.8029
  116.6000   27.5000  117.2000   26.4000    3.7504
  118.4000   24.5000  117.2000   26.4000    3.7977
  118.9000   27.4000  117.2000   26.4000    3.7721
  119.0000   25.4000  117.2000   26.4000    3.8012
  119.6000   26.7000  117.2000   26.4000    3.8980
  118.6000   24.9000  117.2000   26.4000    3.7907
  118.5000   27.9000  117.2000   26.4000    3.7308
  119.1000   27.6000  117.2000   26.4000    3.8606
  116.1000   24.3000  117.2000   26.4000    3.8013
  116.6000   23.7000  117.2000   26.4000    3.8432
  116.2000   28.2000  117.2000   26.4000    3.8282
  119.5000   25.2000  117.2000   26.4000    3.7866
  116.6000   24.7000  117.2000   26.4000    3.8521
  115.7000   27.9000  117.2000   26.4000    3.7835
  119.5000   27.4000  117.2000   26.4000    3.8826
  118.2000   25.3000  117.2000   26.4000    3.7720
  116.2000   23.8000  117.2000   26.4000    4.1071
  117.3000   24.4000  117.2000   26.4000    3.7138
  118.0000   28.4000  117.2000   26.4000    3.8889
  115.6000   25.0000  117.2000   26.4000    3.8828
  115.8000   25.6000  117.2000   26.4000    3.7662
  116.3000   26.3000  119.3000   25.7000    3.8485
  119.5000   27.4000  119.3000   25.7000    3.7731
  117.1000   25.7000  119.3000   25.7000    3.8639
  118.4000   24.5000  119.3000   25.7000    3.8117
  115.7000   27.9000  119.3000   25.7000    3.8403
  116.6000   27.5000  119.3000   25.7000    3.8547
  117.3000   24.4000  119.3000   25.7000    3.8299
  118.0000   27.7000  119.3000   25.7000    3.8246
  116.2000   28.2000  119.3000   25.7000    3.8473
  116.5000   25.0000  119.3000   25.7000    4.0554
  115.6000   25.0000  119.3000   25.7000    4.0024
  116.2000   23.8000  119.3000   25.7000    3.8673
  117.4000   26.0000  119.3000   25.7000    3.8319
  118.2000   26.6000  119.3000   25.7000    3.8097
  115.8000   25.6000  119.3000   25.7000    3.8331
  119.1000   27.6000  119.3000   25.7000    3.7421
  117.5000   25.0000  119.3000   25.7000    3.8900
  118.9000   27.4000  119.3000   25.7000    3.8485
  117.5000   27.3000  119.3000   25.7000    3.8005
  119.6000   28.0000  119.3000   25.7000    3.9077
  117.6000   24.5000  119.3000   25.7000    3.9001
  116.6000   23.7000  119.3000   25.7000    3.8045
  116.6000   24.7000  119.3000   25.7000    3.8410
  118.0000   28.4000  119.3000   25.7000    3.8619
  117.2000   26.4000  119.3000   25.7000    3.8531
  117.2000   26.9000  119.3000   25.7000    3.8168
  116.1000   24.3000  119.3000   25.7000    3.8387
  119.6000   26.7000  119.3000   25.7000    4.1143
  118.5000   27.9000  119.3000   25.7000    3.8412
  115.8000   27.4000  119.3000   25.7000    3.9931
  118.9000   26.4000  117.5000   25.0000    3.9061
  115.7000   27.9000  117.5000   25.0000    3.8542
  116.3000   26.3000  117.5000   25.0000    3.7335
  117.4000   26.0000  117.5000   25.0000    4.1078
  119.6000   26.7000  117.5000   25.0000    3.8429
  118.2000   26.6000  117.5000   25.0000    3.9285
  117.5000   27.3000  117.5000   25.0000    3.8745
  115.8000   27.4000  117.5000   25.0000    3.7989
  116.6000   27.5000  117.5000   25.0000    3.8065
  115.6000   25.0000  117.5000   25.0000    3.7238
  119.1000   27.6000  117.5000   25.0000    3.8419
  118.9000   27.4000  117.5000   25.0000    3.8702
  119.0000   25.0000  117.5000   25.0000    3.8827
  117.2000   26.4000  117.5000   25.0000    3.7078
  118.0000   28.4000  117.5000   25.0000    3.8464
  118.5000   27.9000  117.5000   25.0000    3.9011
  118.0000   27.7000  117.5000   25.0000    3.8138
  117.2000   26.9000  117.5000   25.0000    3.7195
  118.1000   26.0000  117.5000   25.0000    3.9828
  119.9000   26.4000  117.5000   25.0000    3.8527
  115.8000   25.6000  117.5000   25.0000    3.7680
  116.2000   28.2000  117.5000   25.0000    3.8151
  118.4000   24.5000  116.2000   28.2000    3.8307
  116.3000   26.3000  116.2000   28.2000    3.8297
  119.1000   27.6000  116.2000   28.2000    3.8379
  118.0000   27.7000  120.3000   27.1000    3.8465
  119.0000   25.4000  120.3000   27.1000    4.0368
  116.2000   28.2000  120.3000   27.1000    3.9414
  118.1000   26.0000  120.3000   27.1000    3.8299
  118.7000   26.4000  120.3000   27.1000    3.6906
  116.6000   27.5000  120.3000   27.1000    3.9001
  117.1000   25.7000  120.3000   27.1000    3.8514
  116.3000   26.3000  120.3000   27.1000    3.8697
  118.6000   24.9000  120.3000   27.1000    3.8416
  117.4000   26.0000  120.3000   27.1000    3.8122
  119.1000   27.6000  120.3000   27.1000    3.9792
  118.2000   26.6000  120.3000   27.1000    3.7879
  118.0000   28.4000  120.3000   27.1000    3.8015
  117.5000   27.3000  120.3000   27.1000    3.8838
  115.8000   25.6000  120.3000   27.1000    3.7942
  116.1000   24.3000  120.3000   27.1000    3.8079
  116.5000   25.0000  120.3000   27.1000    4.0740
  118.5000   27.9000  120.3000   27.1000    3.7981
  118.4000   24.5000  120.3000   27.1000    3.8380
  115.8000   27.4000  120.3000   27.1000    3.9524
  117.2000   26.4000  120.3000   27.1000    3.8385
  116.2000   23.8000  120.3000   27.1000    3.8375
  117.3000   24.4000  120.3000   27.1000    3.9379
  117.5000   25.0000  120.3000   27.1000    3.8554
  119.3000   25.7000  120.3000   27.1000    3.8727
  116.6000   24.7000  120.3000   27.1000    3.7971
  116.6000   23.7000  120.3000   27.1000    3.8047
  119.0000   25.0000  120.3000   27.1000    3.9235
  118.4000   24.5000  115.8000   25.6000    3.8742
  116.2000   28.2000  115.8000   25.6000    3.9257
  116.6000   27.5000  115.8000   25.6000    3.8414
  118.0000   28.4000  115.8000   25.6000    3.9838
  119.1000   27.6000  115.8000   25.6000    3.8116
  115.8000   27.4000  115.8000   25.6000    3.7754
  116.2000   28.2000  116.1000   24.3000    3.8542
  118.4000   24.5000  116.1000   24.3000    3.9375
  118.0000   28.4000  116.1000   24.3000    3.8555
  116.6000   27.5000  116.1000   24.3000    3.7907
  119.1000   27.6000  116.1000   24.3000    3.8171
  115.8000   27.4000  116.1000   24.3000    3.8762
  116.3000   26.3000  116.1000   24.3000    3.8983
  115.7000   27.9000  116.1000   24.3000    3.8711
  115.8000   25.6000  116.1000   24.3000    3.8914
  116.3000   26.3000  119.0000   25.4000    3.8194
  116.2000   23.8000  119.0000   25.4000    4.0663
  118.0000   27.7000  119.0000   25.4000    3.8528
  116.6000   24.7000  119.0000   25.4000    3.9329
  115.8000   25.6000  119.0000   25.4000    3.9567
  119.1000   27.6000  119.0000   25.4000    3.8113
  117.1000   25.7000  119.0000   25.4000    3.8373
  117.2000   26.9000  119.0000   25.4000    3.7888
  116.1000   24.3000  119.0000   25.4000    3.9189
  119.5000   27.4000  119.0000   25.4000    3.8323
  116.6000   23.7000  119.0000   25.4000    3.8329
  116.6000   27.5000  119.0000   25.4000    3.8488
  115.7000   27.9000  119.0000   25.4000    3.8876
  119.6000   28.0000  119.0000   25.4000    3.9860
  117.5000   27.3000  119.0000   25.4000    3.7684
  118.0000   28.4000  119.0000   25.4000    3.8357
  117.4000   26.0000  119.0000   25.4000    3.8108
  116.2000   28.2000  119.0000   25.4000    3.8659
  116.5000   25.0000  118.2000   26.6000    4.1259
  117.5000   27.3000  118.2000   26.6000    4.0551
  115.8000   27.4000  118.2000   26.6000    3.6256
  118.6000   24.9000  118.2000   26.6000    3.8273
  119.5000   27.4000  118.2000   26.6000    3.7267
  117.3000   24.4000  118.2000   26.6000    3.9013
  118.0000   27.7000  118.2000   26.6000    4.0576
  115.7000   27.9000  118.2000   26.6000    3.8263
  116.6000   23.7000  118.2000   26.6000    3.8595
  118.0000   28.4000  118.2000   26.6000    3.8118
  119.0000   25.4000  118.2000   26.6000    3.7647
  118.4000   24.5000  118.2000   26.6000    3.8739
  116.1000   24.3000  118.2000   26.6000    3.8523
  117.1000   25.7000  118.2000   26.6000    3.6169
  116.6000   27.5000  118.2000   26.6000    3.8179
  118.5000   27.9000  118.2000   26.6000    3.8609
  115.8000   25.6000  118.2000   26.6000    3.7958
  116.2000   23.8000  118.2000   26.6000    3.8875
  118.2000   25.3000  118.2000   26.6000    3.8981
  116.3000   26.3000  118.2000   26.6000    3.8318
  119.5000   25.2000  118.2000   26.6000    3.7667
  119.1000   27.6000  118.2000   26.6000    3.9274
  116.6000   24.7000  118.2000   26.6000    3.7952
  116.2000   28.2000  118.2000   26.6000    3.7764
  115.8000   27.4000  118.6000   24.9000    3.7214
  116.6000   24.7000  118.6000   24.9000    3.8093
  116.1000   24.3000  118.6000   24.9000    3.8463
  119.1000   27.6000  118.6000   24.9000    3.9041
  117.4000   26.0000  118.6000   24.9000    3.8014
  118.1000   26.0000  118.6000   24.9000    3.9447
  116.6000   23.7000  118.6000   24.9000    3.8503
  116.3000   26.3000  118.6000   24.9000    3.8490
  115.7000   27.9000  118.6000   24.9000    3.8547
  115.8000   25.6000  118.6000   24.9000    3.7819
  117.2000   26.9000  118.6000   24.9000    3.8219
  116.2000   28.2000  118.6000   24.9000    3.8463
  118.0000   27.7000  118.6000   24.9000    3.9189
  118.9000   27.4000  118.6000   24.9000    3.8928
  116.6000   27.5000  118.6000   24.9000    3.8415
  117.1000   25.7000  118.6000   24.9000    3.8157
  118.0000   28.4000  118.6000   24.9000    3.8677
  116.2000   23.8000  118.6000   24.9000    3.8473
  117.5000   27.3000  118.6000   24.9000    3.8376
  115.6000   25.0000  118.6000   24.9000    3.8096
  116.5000   25.0000  118.6000   24.9000    3.8092
  119.5000   27.4000  118.6000   24.9000    3.9085
  118.0000   28.4000  119.5000   27.4000    3.7187
  118.2000   25.3000  119.5000   27.4000    3.9169
  118.4000   24.5000  119.5000   27.4000    3.9052
  116.6000   27.5000  119.5000   27.4000    3.8481
  115.7000   27.9000  119.5000   27.4000    3.9426
  116.2000   28.2000  119.5000   27.4000    3.9187
  116.2000   23.8000  119.5000   27.4000    3.8439
  117.4000   26.0000  119.5000   27.4000    3.7615
  116.3000   26.3000  119.5000   27.4000    3.9487
  116.1000   24.3000  119.5000   27.4000    3.8169
  118.0000   27.7000  119.5000   27.4000    3.9700
  117.2000   26.9000  119.5000   27.4000    3.7265
  118.1000   26.0000  119.5000   27.4000    3.7907
  116.6000   24.7000  119.5000   27.4000    3.8571
  117.1000   25.7000  119.5000   27.4000    3.7985
  116.6000   23.7000  119.5000   27.4000    3.9288
  115.6000   25.0000  119.5000   27.4000    3.9966
  117.5000   27.3000  119.5000   27.4000    3.7946
  115.8000   25.6000  119.5000   27.4000    3.8388
  118.4000   24.5000  116.3000   26.3000    3.8382
  115.6000   25.0000  116.3000   26.3000    4.0428
  119.1000   27.6000  116.3000   26.3000    3.8228
  118.0000   28.4000  116.3000   26.3000    3.8016
  115.8000   25.6000  117.5000   27.3000    3.7380
  118.2000   25.3000  117.5000   27.3000    3.7641
  118.1000   26.0000  117.5000   27.3000    3.7756
  116.3000   26.3000  117.5000   27.3000    3.7946
  116.2000   28.2000  117.5000   27.3000    3.7878
  118.0000   28.4000  117.5000   27.3000    3.8778
  117.1000   25.7000  117.5000   27.3000    3.9185
  115.7000   27.9000  117.5000   27.3000    3.8901
  116.6000   24.7000  117.5000   27.3000    3.8719
  116.1000   24.3000  117.5000   27.3000    3.8352
  119.1000   27.6000  117.5000   27.3000    3.8123
  117.4000   26.0000  117.5000   27.3000    3.9442
  118.4000   24.5000  117.5000   27.3000    3.8469
  116.6000   23.7000  117.5000   27.3000    3.8373
  115.8000   27.4000  117.5000   27.3000    4.0801
  116.2000   23.8000  117.5000   27.3000    3.8943
  118.7000   26.4000  116.4000   25.8000    3.6403
  118.0000   27.7000  116.4000   25.8000    3.7306
  115.7000   27.9000  116.4000   25.8000    3.9243
  115.8000   27.4000  116.4000   25.8000    3.7102
  117.4000   23.7000  116.4000   25.8000    3.9483
  118.2000   26.6000  116.4000   25.8000    3.7055
  118.6000   24.9000  116.4000   25.8000    3.7738
  117.3000   24.4000  116.4000   25.8000    4.0837
  118.9000   27.4000  116.4000   25.8000    4.0909
  118.2000   25.3000  116.4000   25.8000    3.8368
  118.5000   27.9000  116.4000   25.8000    4.0596
  115.8000   25.6000  115.7000   27.9000    3.8813
  118.0000   28.4000  115.7000   27.9000    3.7993
  115.6000   25.0000  115.7000   27.9000    3.7102
  119.1000   27.6000  115.7000   27.9000    3.8813
  118.4000   24.5000  115.7000   27.9000    3.8605
  116.3000   26.3000  115.7000   27.9000    3.7713
  115.7000   27.9000  116.6000   23.7000    3.8577
  118.0000   28.4000  116.6000   23.7000    3.7918
  115.8000   25.6000  116.6000   23.7000    3.8446
  119.6000   28.0000  116.6000   23.7000    3.7794
  116.3000   26.3000  116.6000   23.7000    3.8182
  119.1000   27.6000  116.6000   23.7000    3.8451
  116.6000   27.5000  116.6000   23.7000    3.8268
  118.4000   24.5000  116.6000   23.7000    3.7633
  116.1000   24.3000  116.6000   23.7000    4.1389
  116.1000   24.3000  117.2000   26.9000    3.8253
  115.7000   27.9000  117.2000   26.9000    3.8455
  118.0000   28.4000  117.2000   26.9000    4.1369
  117.1000   25.7000  117.2000   26.9000    3.9219
  116.6000   23.7000  117.2000   26.9000    3.9641
  116.2000   28.2000  117.2000   26.9000    3.7935
  118.0000   27.7000  117.2000   26.9000    3.8224
  118.1000   26.0000  117.2000   26.9000    3.9079
  119.1000   27.6000  117.2000   26.9000    3.7587
  115.8000   25.6000  117.2000   26.9000    3.7948
  116.6000   24.7000  117.2000   26.9000    3.9701
  115.8000   27.4000  117.2000   26.9000    3.6757
  116.2000   23.8000  117.2000   26.9000    3.8438
  118.4000   24.5000  117.2000   26.9000    3.8575
  118.7000   26.4000  117.4000   23.7000    3.9479
  117.2000   26.9000  117.4000   23.7000    3.8660
  116.6000   27.5000  117.4000   23.7000    3.8464
  116.2000   23.8000  117.4000   23.7000    4.0312
  116.2000   28.2000  117.4000   23.7000    3.8349
  118.1000   26.0000  117.4000   23.7000    3.9170
  119.3000   25.7000  117.4000   23.7000    3.8058
  117.5000   27.3000  117.4000   23.7000    3.8308
  119.4000   26.0000  117.4000   23.7000    3.8598
  120.3000   27.1000  117.4000   23.7000    3.8202
  117.2000   26.4000  117.4000   23.7000    3.8278
  117.5000   25.0000  117.4000   23.7000    3.8183
  116.3000   26.3000  117.4000   23.7000    3.7856
  116.1000   24.3000  117.4000   23.7000    3.8876
  117.4000   26.0000  117.4000   23.7000    3.8471
  116.6000   24.7000  117.4000   23.7000    3.7953
  119.0000   25.0000  117.4000   23.7000    4.0561
  118.0000   28.4000  117.4000   23.7000    3.8198
  115.8000   27.4000  117.4000   23.7000    3.9301
  115.7000   27.9000  117.4000   23.7000    3.8126
  119.5000   25.2000  117.4000   23.7000    3.8319
  118.4000   24.5000  117.4000   23.7000    3.8070
  118.9000   27.4000  117.4000   23.7000    3.9063
  118.2000   26.6000  117.4000   23.7000    3.9061
  119.0000   25.4000  117.4000   23.7000    3.8197
  119.6000   26.7000  117.4000   23.7000    3.8618
  115.8000   25.6000  117.4000   23.7000    3.7888
  118.5000   27.9000  117.4000   23.7000    3.8293
  119.9000   26.4000  117.4000   23.7000    3.8251
  119.1000   27.6000  117.4000   23.7000    3.8312
  119.8000   25.5000  117.4000   23.7000    3.9841
  117.1000   25.7000  117.4000   23.7000    3.7788
  115.6000   25.0000  117.4000   23.7000    3.8727
  118.2000   25.3000  117.4000   23.7000    3.8099
  119.5000   27.4000  117.4000   23.7000    3.8405
  118.9000   26.4000  117.4000   23.7000    3.8257
  119.1000   27.6000  115.8000   27.4000    3.8639
  119.6000   28.0000  115.8000   27.4000    3.7380
  115.6000   25.0000  115.8000   27.4000    3.9681
  118.0000   28.4000  115.8000   27.4000    3.8039
  118.4000   24.5000  115.8000   27.4000    3.7797
  119.0000   25.4000  118.5000   27.9000    3.8439
  117.1000   25.7000  118.5000   27.9000    3.8553
  116.3000   26.3000  118.5000   27.9000    3.8476
  116.1000   24.3000  118.5000   27.9000    3.8435
  116.6000   27.5000  118.5000   27.9000    3.7421
  119.5000   25.2000  118.5000   27.9000    3.8399
  118.4000   24.5000  118.5000   27.9000    3.9256
  118.1000   26.0000  118.5000   27.9000    3.9381
  118.6000   24.9000  118.5000   27.9000    3.8363
  116.6000   23.7000  118.5000   27.9000    3.8261
  117.5000   27.3000  118.5000   27.9000    3.9072
  117.3000   24.4000  118.5000   27.9000    3.9102
  119.8000   25.5000  118.5000   27.9000    3.9763
  116.2000   28.2000  118.5000   27.9000    3.8470
  118.2000   25.3000  118.5000   27.9000    3.9266
  119.0000   25.4000  119.9000   26.4000    4.0308
  117.2000   26.4000  119.9000   26.4000    3.9044
  118.0000   28.4000  119.9000   26.4000    3.7854
  116.6000   24.7000  119.9000   26.4000    3.9127
  119.1000   27.6000  119.9000   26.4000    3.7540
  115.8000   25.6000  119.9000   26.4000    3.8856
  116.6000   27.5000  119.9000   26.4000    3.9088
  116.1000   24.3000  119.9000   26.4000    3.8559
  116.2000   28.2000  119.9000   26.4000    3.8774
  119.5000   25.2000  119.9000   26.4000    3.9560
  118.0000   27.7000  119.9000   26.4000    3.7910
  118.2000   25.3000  119.9000   26.4000    3.7674
  117.5000   27.3000  119.9000   26.4000    3.8058
  117.2000   26.9000  119.9000   26.4000    3.8353
  119.5000   27.4000  119.9000   26.4000    4.0844
  116.2000   23.8000  119.9000   26.4000    3.8021
  116.3000   26.3000  119.9000   26.4000    3.8755
  117.3000   24.4000  119.9000   26.4000    3.7958
  118.5000   27.9000  119.9000   26.4000    3.7362
  118.6000   24.9000  119.9000   26.4000    4.1184
  118.4000   24.5000  119.9000   26.4000    3.8847
  117.1000   25.7000  119.9000   26.4000    3.8090
  117.4000   26.0000  119.9000   26.4000    3.9802
  118.2000   26.6000  119.9000   26.4000    3.9304
  118.9000   27.4000  119.9000   26.4000    3.8527
  118.1000   26.0000  119.9000   26.4000    3.8754
