   858    3.2703    0.0322       010
  115.8000   27.4000  116.2000   23.8000    3.2472
  115.6000   25.0000  116.2000   23.8000    3.2122
  119.6000   28.0000  116.2000   23.8000    3.2577
  116.6000   27.5000  116.2000   23.8000    3.2447
  119.1000   27.6000  116.2000   23.8000    3.2435
  116.3000   26.3000  116.2000   23.8000    3.2394
  115.7000   27.9000  116.2000   23.8000    3.2418
  118.0000   28.4000  116.2000   23.8000    3.2408
  115.8000   25.6000  116.2000   23.8000    3.2263
  116.2000   28.2000  116.2000   23.8000    3.2356
  118.4000   24.5000  116.2000   23.8000    3.2816
  117.6000   24.5000  116.6000   24.7000    3.2609
  116.3000   26.3000  116.6000   24.7000    3.2700
  115.8000   27.4000  116.6000   24.7000    3.2632
  115.8000   25.6000  116.6000   24.7000    3.1992
  116.2000   28.2000  116.6000   24.7000    3.2545
  118.9000   27.4000  116.6000   24.7000    3.2820
  118.1000   26.0000  116.6000   24.7000    3.2329
  119.6000   28.0000  116.6000   24.7000    3.2753
  116.6000   23.7000  116.6000   24.7000    3.3103
  119.1000   27.6000  116.6000   24.7000    3.2905
  118.0000   28.4000  116.6000   24.7000    3.2217
  116.2000   23.8000  116.6000   24.7000    3.2496
  115.6000   25.0000  116.6000   24.7000    3.2959
  118.4000   24.5000  116.6000   24.7000    3.2614
  115.7000   27.9000  116.6000   24.7000    3.2501
  116.5000   25.0000  118.9000   26.4000    3.2490
  115.8000   27.4000  118.9000   26.4000    3.2666
  116.6000   23.7000  118.9000   26.4000    3.2727
  118.2000   26.6000  118.9000   26.4000    3.2924
  115.6000   25.0000  118.9000   26.4000    3.2679
  118.6000   24.9000  118.9000   26.4000    3.2631
  118.1000   26.0000  118.9000   26.4000    3.3105
  117.2000   26.9000  118.9000   26.4000    3.2691
  117.4000   26.0000  118.9000   26.4000    3.3394
  116.6000   27.5000  118.9000   26.4000    3.2618
  116.2000   28.2000  118.9000   26.4000    3.2663
  119.5000   27.4000  118.9000   26.4000    3.3145
  117.3000   24.4000  118.9000   26.4000    3.2724
  115.7000   27.9000  118.9000   26.4000    3.2679
  116.2000   23.8000  118.9000   26.4000    3.2594
  118.0000   28.4000  118.9000   26.4000    3.2497
  118.5000   27.9000  118.9000   26.4000    3.3323
  119.1000   27.6000  118.9000   26.4000    3.2592
  118.9000   27.4000  118.9000   26.4000    3.3116
  117.1000   25.7000  118.9000   26.4000    3.2837
  118.2000   25.3000  118.9000   26.4000    3.3407
  117.5000   27.3000  118.9000   26.4000    3.2937
  116.1000   24.3000  118.9000   26.4000    3.2430
  117.2000   26.4000  118.9000   26.4000    3.2882
  118.0000   27.7000  118.9000   26.4000    3.2566
  119.5000   25.2000  118.9000   26.4000    3.3091
  119.6000   28.0000  118.9000   26.4000    3.2609
  118.4000   24.5000  118.9000   26.4000    3.2864
  115.8000   25.6000  118.9000   26.4000    3.2664
  116.3000   26.3000  118.9000   26.4000    3.2692
  116.6000   24.7000  118.9000   26.4000    3.2432
  115.6000   25.0000  119.8000   25.5000    3.2720
  119.5000   27.4000  119.8000   25.5000    3.3314
  116.3000   26.3000  119.8000   25.5000    3.2749
  117.2000   26.9000  119.8000   25.5000    3.3168
  119.1000   27.6000  119.8000   25.5000    3.3061
  117.6000   24.5000  119.8000   25.5000    3.3194
  116.6000   24.7000  119.8000   25.5000    3.2815
  117.4000   26.0000  119.8000   25.5000    3.2818
  118.1000   26.0000  119.8000   25.5000    3.2845
  115.7000   27.9000  119.8000   25.5000    3.2661
  116.6000   27.5000  119.8000   25.5000    3.3024
  117.1000   25.7000  119.8000   25.5000    3.2773
  116.1000   24.3000  119.8000   25.5000    3.2859
  118.0000   28.4000  119.8000   25.5000    3.3154
  118.2000   25.3000  119.8000   25.5000    3.3175
  116.6000   23.7000  119.8000   25.5000    3.3152
  118.9000   27.4000  119.8000   25.5000    3.3306
  116.5000   25.0000  119.8000   25.5000    3.3007
  119.6000   28.0000  119.8000   25.5000    3.3130
  116.2000   28.2000  119.8000   25.5000    3.2930
  116.2000   23.8000  119.8000   25.5000    3.2937
  117.5000   27.3000  119.8000   25.5000    3.2805
  116.1000   24.3000  118.2000   25.3000    3.2579
  116.6000   27.5000  118.2000   25.3000    3.2574
  116.6000   23.7000  118.2000   25.3000    3.2766
  116.6000   24.7000  118.2000   25.3000    3.2646
  118.0000   28.4000  118.2000   25.3000    3.2509
  119.1000   27.6000  118.2000   25.3000    3.2809
  115.8000   25.6000  118.2000   25.3000    3.2365
  115.7000   27.9000  118.2000   25.3000    3.2511
  116.2000   28.2000  118.2000   25.3000    3.2691
  117.6000   24.5000  118.2000   25.3000    3.3514
  118.9000   27.4000  118.2000   25.3000    3.2835
  118.1000   26.0000  118.2000   25.3000    3.2304
  116.2000   23.8000  118.2000   25.3000    3.2512
  116.3000   26.3000  118.2000   25.3000    3.2386
  115.8000   27.4000  118.2000   25.3000    3.2555
  118.4000   24.5000  118.2000   25.3000    3.3528
  119.6000   28.0000  115.6000   25.0000    3.2440
  118.4000   24.5000  115.6000   25.0000    3.2422
  119.1000   27.6000  115.6000   25.0000    3.2502
  119.1000   27.6000  118.4000   24.5000    3.2837
  119.6000   28.0000  118.4000   24.5000    3.2896
  119.9000   26.2000  118.4000   24.5000    3.3291
  118.2000   25.3000  117.3000   24.4000    3.2398
  116.1000   24.3000  117.3000   24.4000    3.2463
  119.1000   27.6000  117.3000   24.4000    3.2498
  119.0000   25.4000  117.3000   24.4000    3.2948
  118.0000   28.4000  117.3000   24.4000    3.2565
  115.7000   27.9000  117.3000   24.4000    3.2226
  118.4000   24.5000  117.3000   24.4000    3.2652
  118.0000   27.7000  117.3000   24.4000    3.2666
  116.2000   23.8000  117.3000   24.4000    3.2842
  117.5000   27.3000  117.3000   24.4000    3.2646
  117.4000   26.0000  117.3000   24.4000    3.2528
  116.3000   26.3000  117.3000   24.4000    3.1936
  118.6000   24.9000  117.3000   24.4000    3.2938
  116.6000   27.5000  117.3000   24.4000    3.2225
  116.6000   23.7000  117.3000   24.4000    3.2411
  116.2000   28.2000  117.3000   24.4000    3.2229
  116.5000   25.0000  117.3000   24.4000    3.3061
  117.2000   26.9000  117.3000   24.4000    3.2494
  118.9000   27.4000  117.3000   24.4000    3.2466
  115.8000   27.4000  117.3000   24.4000    3.2200
  119.8000   25.5000  117.3000   24.4000    3.3042
  119.5000   27.4000  117.3000   24.4000    3.3217
  115.6000   25.0000  117.3000   24.4000    3.2417
  117.1000   25.7000  117.3000   24.4000    3.2394
  119.6000   28.0000  117.3000   24.4000    3.2364
  115.8000   25.6000  117.3000   24.4000    3.2470
  119.5000   25.2000  117.3000   24.4000    3.2789
  115.6000   25.0000  116.6000   27.5000    3.2173
  116.3000   26.3000  116.6000   27.5000    3.1907
  119.1000   27.6000  116.6000   27.5000    3.2072
  118.0000   28.4000  116.6000   27.5000    3.2228
  118.4000   24.5000  116.6000   27.5000    3.2550
  118.0000   28.4000  118.1000   26.0000    3.2282
  116.6000   23.7000  118.1000   26.0000    3.2545
  115.8000   27.4000  118.1000   26.0000    3.2788
  115.7000   27.9000  118.1000   26.0000    3.2294
  116.3000   26.3000  118.1000   26.0000    3.2334
  116.2000   23.8000  118.1000   26.0000    3.2503
  116.1000   24.3000  118.1000   26.0000    3.2248
  116.2000   28.2000  118.1000   26.0000    3.2435
  117.6000   24.5000  118.1000   26.0000    3.2881
  115.8000   25.6000  118.1000   26.0000    3.2504
  116.6000   27.5000  118.1000   26.0000    3.2294
  118.4000   24.5000  118.1000   26.0000    3.3072
  119.6000   28.0000  118.1000   26.0000    3.2727
  115.6000   25.0000  118.1000   26.0000    3.2435
  118.6000   24.9000  119.5000   25.2000    3.2971
  116.1000   24.3000  119.5000   25.2000    3.2728
  116.5000   25.0000  119.5000   25.2000    3.2801
  117.5000   27.3000  119.5000   25.2000    3.3029
  118.9000   27.4000  119.5000   25.2000    3.3241
  119.8000   25.5000  119.5000   25.2000    3.3376
  117.4000   26.0000  119.5000   25.2000    3.2967
  119.5000   27.4000  119.5000   25.2000    3.3019
  116.6000   24.7000  119.5000   25.2000    3.2811
  116.6000   27.5000  119.5000   25.2000    3.3484
  115.6000   25.0000  119.5000   25.2000    3.2682
  119.1000   27.6000  119.5000   25.2000    3.3150
  119.6000   28.0000  119.5000   25.2000    3.3118
  116.2000   28.2000  119.5000   25.2000    3.3028
  118.0000   27.7000  119.5000   25.2000    3.2679
  115.8000   27.4000  119.5000   25.2000    3.2538
  118.0000   28.4000  119.5000   25.2000    3.2699
  117.6000   24.5000  119.5000   25.2000    3.3045
  116.3000   26.3000  119.5000   25.2000    3.2572
  116.6000   23.7000  119.5000   25.2000    3.3065
  115.8000   25.6000  119.5000   25.2000    3.2629
  117.1000   25.7000  119.5000   25.2000    3.2523
  117.4000   26.0000  119.4000   26.0000    3.2383
  116.3000   26.3000  119.4000   26.0000    3.2607
  115.8000   27.4000  119.4000   26.0000    3.2572
  116.6000   27.5000  119.4000   26.0000    3.2972
  117.5000   27.3000  119.4000   26.0000    3.2685
  119.0000   25.4000  119.4000   26.0000    3.2095
  118.1000   26.0000  119.4000   26.0000    3.3193
  117.3000   24.4000  119.4000   26.0000    3.2890
  115.7000   27.9000  119.4000   26.0000    3.2750
  117.2000   26.9000  119.4000   26.0000    3.2909
  115.8000   25.6000  119.4000   26.0000    3.2446
  116.1000   24.3000  119.4000   26.0000    3.2700
  119.1000   27.6000  119.4000   26.0000    3.2784
  117.6000   24.5000  119.4000   26.0000    3.2733
  118.0000   28.4000  119.4000   26.0000    3.2611
  119.6000   28.0000  119.4000   26.0000    3.3110
  116.6000   23.7000  119.4000   26.0000    3.2852
  117.2000   26.4000  119.4000   26.0000    3.2974
  116.2000   28.2000  119.4000   26.0000    3.2642
  118.6000   24.9000  119.4000   26.0000    3.3015
  118.7000   26.4000  119.4000   26.0000    3.3017
  116.6000   24.7000  119.4000   26.0000    3.2744
  118.9000   26.4000  119.4000   26.0000    3.3246
  118.2000   25.3000  119.4000   26.0000    3.2784
  117.5000   25.0000  119.4000   26.0000    3.2900
  116.5000   25.0000  119.4000   26.0000    3.2418
  119.0000   25.0000  119.4000   26.0000    3.3006
  118.0000   27.7000  119.4000   26.0000    3.2995
  118.2000   26.6000  119.4000   26.0000    3.2487
  119.5000   27.4000  119.4000   26.0000    3.3298
  118.5000   27.9000  119.4000   26.0000    3.2896
  119.5000   25.2000  119.4000   26.0000    3.3194
  118.9000   27.4000  119.4000   26.0000    3.2654
  119.6000   26.7000  119.4000   26.0000    3.3144
  116.2000   23.8000  119.4000   26.0000    3.2725
  118.4000   24.5000  119.4000   26.0000    3.3058
  115.6000   25.0000  119.4000   26.0000    3.2575
  117.1000   25.7000  119.4000   26.0000    3.2995
  115.7000   27.9000  119.6000   26.7000    3.2719
  118.0000   28.4000  119.6000   26.7000    3.2497
  116.2000   23.8000  119.6000   26.7000    3.2642
  117.1000   25.7000  119.6000   26.7000    3.3023
  118.0000   27.7000  119.6000   26.7000    3.2763
  119.5000   25.2000  119.6000   26.7000    3.3462
  117.6000   24.5000  119.6000   26.7000    3.2703
  117.2000   26.9000  119.6000   26.7000    3.3218
  117.3000   24.4000  119.6000   26.7000    3.2826
  116.6000   23.7000  119.6000   26.7000    3.2811
  116.6000   27.5000  119.6000   26.7000    3.2681
  116.2000   28.2000  119.6000   26.7000    3.2632
  116.3000   26.3000  119.6000   26.7000    3.2648
  116.1000   24.3000  119.6000   26.7000    3.2590
  115.8000   25.6000  119.6000   26.7000    3.2660
  119.6000   28.0000  119.6000   26.7000    3.2975
  118.1000   26.0000  119.6000   26.7000    3.3056
  118.4000   24.5000  119.6000   26.7000    3.3075
  118.6000   24.9000  119.6000   26.7000    3.3033
  117.4000   26.0000  119.6000   26.7000    3.3287
  119.1000   27.6000  119.6000   26.7000    3.2590
  119.0000   25.4000  119.6000   26.7000    3.2854
  119.8000   25.5000  119.6000   26.7000    3.3184
  118.2000   26.6000  119.6000   26.7000    3.3428
  118.2000   25.3000  119.6000   26.7000    3.2780
  118.9000   27.4000  119.6000   26.7000    3.3268
  116.6000   24.7000  119.6000   26.7000    3.2617
  115.6000   25.0000  119.6000   26.7000    3.2754
  117.5000   27.3000  119.6000   26.7000    3.3026
  116.5000   25.0000  119.6000   26.7000    3.2691
  119.5000   27.4000  119.6000   26.7000    3.3296
  118.0000   27.7000  119.0000   25.0000    3.3209
  116.2000   23.8000  119.0000   25.0000    3.2713
  117.5000   27.3000  119.0000   25.0000    3.2887
  118.5000   27.9000  119.0000   25.0000    3.2833
  116.6000   24.7000  119.0000   25.0000    3.2762
  115.6000   25.0000  119.0000   25.0000    3.2567
  117.6000   24.5000  119.0000   25.0000    3.3167
  115.7000   27.9000  119.0000   25.0000    3.2542
  117.3000   24.4000  119.0000   25.0000    3.2802
  116.5000   25.0000  119.0000   25.0000    3.2833
  117.4000   26.0000  119.0000   25.0000    3.2897
  118.9000   27.4000  119.0000   25.0000    3.2926
  119.5000   27.4000  119.0000   25.0000    3.3244
  118.2000   26.6000  119.0000   25.0000    3.3198
  115.8000   27.4000  119.0000   25.0000    3.2530
  118.1000   26.0000  119.0000   25.0000    3.2900
  116.6000   23.7000  119.0000   25.0000    3.3120
  115.8000   25.6000  119.0000   25.0000    3.2509
  118.2000   25.3000  119.0000   25.0000    3.3120
  119.0000   25.4000  119.0000   25.0000    3.2961
  116.2000   28.2000  119.0000   25.0000    3.2614
  116.6000   27.5000  119.0000   25.0000    3.2601
  119.6000   28.0000  119.0000   25.0000    3.3104
  119.9000   26.4000  119.0000   25.0000    3.2976
  119.5000   25.2000  119.0000   25.0000    3.3380
  117.1000   25.7000  119.0000   25.0000    3.2732
  117.2000   26.4000  119.0000   25.0000    3.2731
  119.6000   26.7000  119.0000   25.0000    3.3177
  116.1000   24.3000  119.0000   25.0000    3.2739
  116.3000   26.3000  119.0000   25.0000    3.2551
  118.4000   24.5000  119.0000   25.0000    3.3307
  119.1000   27.6000  119.0000   25.0000    3.3021
  118.0000   28.4000  119.0000   25.0000    3.3029
  117.2000   26.9000  119.0000   25.0000    3.2702
  117.5000   27.3000  116.5000   25.0000    3.2412
  118.1000   26.0000  116.5000   25.0000    3.2235
  118.2000   25.3000  116.5000   25.0000    3.2536
  116.2000   23.8000  116.5000   25.0000    3.2179
  116.3000   26.3000  116.5000   25.0000    3.3345
  115.8000   27.4000  116.5000   25.0000    3.2546
  118.4000   24.5000  116.5000   25.0000    3.2329
  119.1000   27.6000  116.5000   25.0000    3.2628
  119.6000   28.0000  116.5000   25.0000    3.2472
  119.5000   27.4000  116.5000   25.0000    3.2538
  117.4000   26.0000  116.5000   25.0000    3.2275
  117.1000   25.7000  116.5000   25.0000    3.2244
  115.7000   27.9000  116.5000   25.0000    3.2524
  116.1000   24.3000  116.5000   25.0000    3.2449
  115.8000   25.6000  116.5000   25.0000    3.2284
  115.6000   25.0000  116.5000   25.0000    3.2891
  118.9000   27.4000  116.5000   25.0000    3.2620
  118.0000   28.4000  118.9000   27.4000    3.2447
  115.8000   25.6000  118.9000   27.4000    3.2460
  115.8000   27.4000  118.9000   27.4000    3.2748
  116.3000   26.3000  118.9000   27.4000    3.2660
  116.1000   24.3000  118.9000   27.4000    3.2726
  116.6000   23.7000  118.9000   27.4000    3.2541
  117.6000   24.5000  118.9000   27.4000    3.2981
  118.4000   24.5000  118.9000   27.4000    3.2911
  115.6000   25.0000  118.9000   27.4000    3.2420
  116.2000   23.8000  118.9000   27.4000    3.2570
  116.6000   27.5000  118.9000   27.4000    3.2731
  116.6000   27.5000  117.6000   24.5000    3.2218
  119.1000   27.6000  117.6000   24.5000    3.3007
  115.6000   25.0000  117.6000   24.5000    3.2440
  115.8000   25.6000  117.6000   24.5000    3.3033
  115.8000   27.4000  117.6000   24.5000    3.2360
  118.4000   24.5000  117.6000   24.5000    3.2819
  116.6000   23.7000  117.6000   24.5000    3.2403
  119.6000   28.0000  117.6000   24.5000    3.2968
  115.7000   27.9000  117.6000   24.5000    3.2322
  116.3000   26.3000  117.6000   24.5000    3.2275
  116.1000   24.3000  117.6000   24.5000    3.2520
  118.0000   28.4000  117.6000   24.5000    3.2594
  118.2000   25.3000  117.4000   26.0000    3.2660
  116.1000   24.3000  117.4000   26.0000    3.2502
  116.2000   28.2000  117.4000   26.0000    3.2245
  117.6000   24.5000  117.4000   26.0000    3.2139
  116.6000   27.5000  117.4000   26.0000    3.2165
  116.2000   23.8000  117.4000   26.0000    3.2163
  116.6000   23.7000  117.4000   26.0000    3.2569
  116.6000   24.7000  117.4000   26.0000    3.2701
  115.8000   25.6000  117.4000   26.0000    3.2595
  119.6000   28.0000  117.4000   26.0000    3.2705
  118.1000   26.0000  117.4000   26.0000    3.2877
  118.4000   24.5000  117.4000   26.0000    3.2651
  118.9000   27.4000  117.4000   26.0000    3.2719
  115.6000   25.0000  117.4000   26.0000    3.2077
  116.3000   26.3000  117.4000   26.0000    3.2201
  119.1000   27.6000  117.4000   26.0000    3.2781
  115.7000   27.9000  117.4000   26.0000    3.2679
  118.0000   28.4000  117.4000   26.0000    3.3395
  115.8000   27.4000  117.4000   26.0000    3.2327
  116.3000   26.3000  118.7000   26.4000    3.2645
  115.8000   25.6000  118.7000   26.4000    3.2658
  116.6000   23.7000  118.7000   26.4000    3.2711
  118.2000   25.3000  118.7000   26.4000    3.3161
  119.8000   25.5000  118.7000   26.4000    3.2885
  118.4000   24.5000  118.7000   26.4000    3.2831
  118.9000   27.4000  118.7000   26.4000    3.2504
  117.2000   26.9000  118.7000   26.4000    3.2389
  115.7000   27.9000  118.7000   26.4000    3.2447
  119.5000   25.2000  118.7000   26.4000    3.2611
  117.4000   26.0000  118.7000   26.4000    3.3266
  118.5000   27.9000  118.7000   26.4000    3.3135
  117.5000   27.3000  118.7000   26.4000    3.3155
  117.5000   25.0000  118.7000   26.4000    3.2456
  115.6000   25.0000  118.7000   26.4000    3.2566
  115.8000   27.4000  118.7000   26.4000    3.2787
  119.1000   27.6000  118.7000   26.4000    3.2173
  118.6000   24.9000  118.7000   26.4000    3.2776
  117.2000   26.4000  118.7000   26.4000    3.2677
  116.6000   27.5000  118.7000   26.4000    3.2289
  116.2000   23.8000  118.7000   26.4000    3.2506
  116.6000   24.7000  118.7000   26.4000    3.2287
  119.0000   25.4000  118.7000   26.4000    3.3445
  118.1000   26.0000  118.7000   26.4000    3.1950
  118.0000   27.7000  118.7000   26.4000    3.2467
  119.6000   28.0000  118.7000   26.4000    3.3321
  116.5000   25.0000  118.7000   26.4000    3.2349
  116.2000   28.2000  118.7000   26.4000    3.3084
  118.0000   28.4000  118.7000   26.4000    3.2652
  117.1000   25.7000  118.7000   26.4000    3.2600
  119.6000   26.7000  118.7000   26.4000    3.3351
  117.3000   24.4000  118.7000   26.4000    3.2693
  115.7000   27.9000  117.1000   25.7000    3.2301
  118.1000   26.0000  117.1000   25.7000    3.2540
  118.4000   24.5000  117.1000   25.7000    3.2862
  115.6000   25.0000  117.1000   25.7000    3.2159
  116.6000   27.5000  117.1000   25.7000    3.1971
  118.9000   27.4000  117.1000   25.7000    3.2701
  119.1000   27.6000  117.1000   25.7000    3.2820
  116.1000   24.3000  117.1000   25.7000    3.2414
  116.2000   23.8000  117.1000   25.7000    3.2310
  116.2000   28.2000  117.1000   25.7000    3.2109
  116.6000   24.7000  117.1000   25.7000    3.2604
  115.8000   27.4000  117.1000   25.7000    3.2467
  119.6000   28.0000  117.1000   25.7000    3.2659
  115.8000   25.6000  117.1000   25.7000    3.2995
  117.6000   24.5000  117.1000   25.7000    3.2066
  116.6000   23.7000  117.1000   25.7000    3.2603
  118.2000   25.3000  117.1000   25.7000    3.2624
  115.6000   25.0000  118.0000   28.4000    3.2775
  118.4000   24.5000  118.0000   28.4000    3.2693
  119.1000   27.6000  118.0000   28.4000    3.2049
  118.1000   26.0000  118.0000   27.7000    3.2339
  118.9000   27.4000  118.0000   27.7000    3.2280
  119.6000   28.0000  118.0000   27.7000    3.3110
  118.2000   25.3000  118.0000   27.7000    3.2532
  116.6000   23.7000  118.0000   27.7000    3.2465
  115.8000   27.4000  118.0000   27.7000    3.2705
  116.1000   24.3000  118.0000   27.7000    3.2489
  115.8000   25.6000  118.0000   27.7000    3.2750
  116.2000   23.8000  118.0000   27.7000    3.2415
  116.6000   24.7000  118.0000   27.7000    3.2336
  116.3000   26.3000  118.0000   27.7000    3.2717
  117.6000   24.5000  118.0000   27.7000    3.2753
  118.4000   24.5000  118.0000   27.7000    3.2851
  116.6000   27.5000  118.0000   27.7000    3.2949
  117.1000   25.7000  118.0000   27.7000    3.2456
  116.6000   27.5000  117.2000   26.4000    3.2147
  118.4000   24.5000  117.2000   26.4000    3.2723
  117.1000   25.7000  117.2000   26.4000    3.2681
  118.9000   27.4000  117.2000   26.4000    3.2405
  119.0000   25.4000  117.2000   26.4000    3.2993
  118.6000   24.9000  117.2000   26.4000    3.2645
  118.5000   27.9000  117.2000   26.4000    3.3047
  119.1000   27.6000  117.2000   26.4000    3.2391
  116.1000   24.3000  117.2000   26.4000    3.1910
  117.6000   24.5000  117.2000   26.4000    3.2092
  116.3000   26.3000  117.2000   26.4000    3.2789
  116.6000   23.7000  117.2000   26.4000    3.2391
  116.2000   28.2000  117.2000   26.4000    3.2258
  119.5000   25.2000  117.2000   26.4000    3.2423
  118.0000   27.7000  117.2000   26.4000    3.2388
  119.6000   28.0000  117.2000   26.4000    3.2390
  116.6000   24.7000  117.2000   26.4000    3.2131
  115.7000   27.9000  117.2000   26.4000    3.2624
  119.5000   27.4000  117.2000   26.4000    3.2539
  118.2000   25.3000  117.2000   26.4000    3.2402
  118.1000   26.0000  117.2000   26.4000    3.2788
  116.2000   23.8000  117.2000   26.4000    3.2414
  117.3000   24.4000  117.2000   26.4000    3.2436
  119.8000   25.5000  117.2000   26.4000    3.2855
  118.2000   26.6000  117.2000   26.4000    3.2606
  115.6000   25.0000  117.2000   26.4000    3.2442
  115.8000   25.6000  117.2000   26.4000    3.2125
  115.8000   27.4000  117.2000   26.4000    3.2219
  116.5000   25.0000  117.2000   26.4000    3.2355
  119.8000   25.5000  119.3000   25.7000    3.2931
  116.3000   26.3000  119.3000   25.7000    3.2629
  119.5000   27.4000  119.3000   25.7000    3.3461
  117.1000   25.7000  119.3000   25.7000    3.2508
  118.4000   24.5000  119.3000   25.7000    3.3088
  115.7000   27.9000  119.3000   25.7000    3.2443
  117.3000   24.4000  119.3000   25.7000    3.3030
  119.5000   25.2000  119.3000   25.7000    3.2449
  118.0000   27.7000  119.3000   25.7000    3.2642
  116.2000   28.2000  119.3000   25.7000    3.3369
  118.1000   26.0000  119.3000   25.7000    3.2568
  116.5000   25.0000  119.3000   25.7000    3.2695
  115.6000   25.0000  119.3000   25.7000    3.2689
  116.2000   23.8000  119.3000   25.7000    3.2878
  117.4000   26.0000  119.3000   25.7000    3.2557
  115.8000   25.6000  119.3000   25.7000    3.2495
  119.1000   27.6000  119.3000   25.7000    3.3068
  119.9000   26.4000  119.3000   25.7000    3.3074
  117.5000   25.0000  119.3000   25.7000    3.2911
  118.6000   24.9000  119.3000   25.7000    3.3184
  118.9000   27.4000  119.3000   25.7000    3.2698
  117.5000   27.3000  119.3000   25.7000    3.3310
  119.6000   28.0000  119.3000   25.7000    3.3212
  117.6000   24.5000  119.3000   25.7000    3.3121
  118.7000   26.4000  119.3000   25.7000    3.3137
  116.6000   23.7000  119.3000   25.7000    3.2960
  116.6000   24.7000  119.3000   25.7000    3.2628
  118.0000   28.4000  119.3000   25.7000    3.2568
  117.2000   26.4000  119.3000   25.7000    3.2874
  117.2000   26.9000  119.3000   25.7000    3.2636
  116.1000   24.3000  119.3000   25.7000    3.2611
  119.6000   26.7000  119.3000   25.7000    3.3157
  118.5000   27.9000  119.3000   25.7000    3.2910
  118.2000   25.3000  119.3000   25.7000    3.3190
  119.0000   25.0000  119.3000   25.7000    3.2601
  118.9000   26.4000  119.3000   25.7000    3.2037
  115.8000   27.4000  119.3000   25.7000    3.2751
  119.0000   25.4000  117.5000   25.0000    3.2920
  118.9000   26.4000  117.5000   25.0000    3.2691
  115.7000   27.9000  117.5000   25.0000    3.2298
  116.3000   26.3000  117.5000   25.0000    3.2503
  117.4000   26.0000  117.5000   25.0000    3.1949
  119.6000   26.7000  117.5000   25.0000    3.2802
  117.5000   27.3000  117.5000   25.0000    3.2432
  119.5000   25.2000  117.5000   25.0000    3.3099
  115.8000   27.4000  117.5000   25.0000    3.2399
  116.6000   24.7000  117.5000   25.0000    3.2218
  116.6000   27.5000  117.5000   25.0000    3.2102
  115.6000   25.0000  117.5000   25.0000    3.2450
  119.8000   25.5000  117.5000   25.0000    3.3136
  119.5000   27.4000  117.5000   25.0000    3.2945
  116.1000   24.3000  117.5000   25.0000    3.2234
  116.2000   23.8000  117.5000   25.0000    3.2433
  119.0000   25.0000  117.5000   25.0000    3.3476
  116.5000   25.0000  117.5000   25.0000    3.2259
  118.0000   28.4000  117.5000   25.0000    3.2710
  118.6000   24.9000  117.5000   25.0000    3.3379
  118.0000   27.7000  117.5000   25.0000    3.2916
  117.2000   26.9000  117.5000   25.0000    3.2027
  118.1000   26.0000  117.5000   25.0000    3.3269
  116.6000   23.7000  117.5000   25.0000    3.2590
  118.2000   25.3000  117.5000   25.0000    3.2846
  117.6000   24.5000  117.5000   25.0000    3.2457
  119.9000   26.4000  117.5000   25.0000    3.3032
  115.8000   25.6000  117.5000   25.0000    3.2030
  116.2000   28.2000  117.5000   25.0000    3.2178
  115.8000   27.4000  116.2000   28.2000    3.2586
  119.6000   28.0000  116.2000   28.2000    3.2453
  118.4000   24.5000  116.2000   28.2000    3.2542
  116.3000   26.3000  116.2000   28.2000    3.3357
  118.0000   28.4000  116.2000   28.2000    3.2821
  115.6000   25.0000  116.2000   28.2000    3.2557
  118.0000   27.7000  120.3000   27.1000    3.2780
  119.0000   25.4000  120.3000   27.1000    3.3019
  116.2000   28.2000  120.3000   27.1000    3.2603
  118.1000   26.0000  120.3000   27.1000    3.3080
  118.7000   26.4000  120.3000   27.1000    3.3466
  117.6000   24.5000  120.3000   27.1000    3.2907
  116.6000   27.5000  120.3000   27.1000    3.2750
  117.1000   25.7000  120.3000   27.1000    3.2987
  118.9000   26.4000  120.3000   27.1000    3.2951
  116.3000   26.3000  120.3000   27.1000    3.2876
  118.6000   24.9000  120.3000   27.1000    3.3194
  117.4000   26.0000  120.3000   27.1000    3.3220
  119.4000   26.0000  120.3000   27.1000    3.3004
  119.1000   27.6000  120.3000   27.1000    3.3089
  119.8000   25.5000  120.3000   27.1000    3.3537
  118.2000   26.6000  120.3000   27.1000    3.2899
  118.0000   28.4000  120.3000   27.1000    3.2616
  117.5000   27.3000  120.3000   27.1000    3.3198
  115.8000   25.6000  120.3000   27.1000    3.2654
  119.5000   25.2000  120.3000   27.1000    3.3382
  116.1000   24.3000  120.3000   27.1000    3.2700
  116.5000   25.0000  120.3000   27.1000    3.2862
  115.6000   25.0000  120.3000   27.1000    3.2787
  118.5000   27.9000  120.3000   27.1000    3.2939
  118.4000   24.5000  120.3000   27.1000    3.3128
  117.2000   26.9000  120.3000   27.1000    3.2771
  116.2000   23.8000  120.3000   27.1000    3.2738
  117.3000   24.4000  120.3000   27.1000    3.2947
  118.9000   27.4000  120.3000   27.1000    3.2678
  117.5000   25.0000  120.3000   27.1000    3.2868
  119.3000   25.7000  120.3000   27.1000    3.3001
  119.9000   26.4000  120.3000   27.1000    3.2666
  116.6000   24.7000  120.3000   27.1000    3.2759
  116.6000   23.7000  120.3000   27.1000    3.2914
  119.0000   25.0000  120.3000   27.1000    3.2981
  119.6000   28.0000  120.3000   27.1000    3.2429
  115.6000   25.0000  115.8000   25.6000    3.2701
  119.6000   28.0000  115.8000   25.6000    3.2473
  118.4000   24.5000  115.8000   25.6000    3.2375
  116.2000   28.2000  115.8000   25.6000    3.2734
  116.6000   27.5000  115.8000   25.6000    3.2280
  118.0000   28.4000  115.8000   25.6000    3.2554
  119.1000   27.6000  115.8000   25.6000    3.2447
  116.3000   26.3000  115.8000   25.6000    3.2160
  115.8000   27.4000  115.8000   25.6000    3.2207
  116.2000   28.2000  116.1000   24.3000    3.2355
  115.6000   25.0000  116.1000   24.3000    3.2326
  118.4000   24.5000  116.1000   24.3000    3.2854
  118.0000   28.4000  116.1000   24.3000    3.2427
  119.1000   27.6000  116.1000   24.3000    3.2740
  115.8000   27.4000  116.1000   24.3000    3.2563
  116.3000   26.3000  116.1000   24.3000    3.2603
  119.6000   28.0000  116.1000   24.3000    3.2633
  115.7000   27.9000  116.1000   24.3000    3.2396
  119.5000   25.2000  119.0000   25.4000    3.2496
  116.3000   26.3000  119.0000   25.4000    3.2444
  118.6000   24.9000  119.0000   25.4000    3.3061
  116.2000   23.8000  119.0000   25.4000    3.2834
  118.0000   27.7000  119.0000   25.4000    3.2737
  118.1000   26.0000  119.0000   25.4000    3.3264
  116.6000   24.7000  119.0000   25.4000    3.2603
  115.6000   25.0000  119.0000   25.4000    3.2701
  115.8000   25.6000  119.0000   25.4000    3.2488
  119.1000   27.6000  119.0000   25.4000    3.3329
  117.1000   25.7000  119.0000   25.4000    3.2426
  117.2000   26.9000  119.0000   25.4000    3.2711
  116.1000   24.3000  119.0000   25.4000    3.2601
  119.5000   27.4000  119.0000   25.4000    3.2809
  116.6000   23.7000  119.0000   25.4000    3.2909
  116.6000   27.5000  119.0000   25.4000    3.2723
  119.8000   25.5000  119.0000   25.4000    3.3176
  115.7000   27.9000  119.0000   25.4000    3.2710
  119.6000   28.0000  119.0000   25.4000    3.2820
  117.6000   24.5000  119.0000   25.4000    3.2933
  117.5000   27.3000  119.0000   25.4000    3.2404
  118.0000   28.4000  119.0000   25.4000    3.2742
  117.4000   26.0000  119.0000   25.4000    3.2625
  116.2000   28.2000  119.0000   25.4000    3.2637
  118.4000   24.5000  119.0000   25.4000    3.2994
  116.5000   25.0000  118.2000   26.6000    3.2405
  117.5000   27.3000  118.2000   26.6000    3.2539
  115.8000   27.4000  118.2000   26.6000    3.2528
  118.6000   24.9000  118.2000   26.6000    3.3195
  119.5000   27.4000  118.2000   26.6000    3.2503
  117.3000   24.4000  118.2000   26.6000    3.2665
  118.0000   27.7000  118.2000   26.6000    3.2721
  116.6000   23.7000  118.2000   26.6000    3.2323
  118.0000   28.4000  118.2000   26.6000    3.2356
  117.4000   26.0000  118.2000   26.6000    3.2529
  119.0000   25.4000  118.2000   26.6000    3.2687
  118.1000   26.0000  118.2000   26.6000    3.1984
  118.4000   24.5000  118.2000   26.6000    3.2969
  116.1000   24.3000  118.2000   26.6000    3.2578
  117.1000   25.7000  118.2000   26.6000    3.2448
  116.6000   27.5000  118.2000   26.6000    3.3245
  119.6000   28.0000  118.2000   26.6000    3.2600
  118.5000   27.9000  118.2000   26.6000    3.2706
  115.8000   25.6000  118.2000   26.6000    3.2477
  117.6000   24.5000  118.2000   26.6000    3.3031
  116.2000   23.8000  118.2000   26.6000    3.2544
  118.2000   25.3000  118.2000   26.6000    3.2370
  117.2000   26.9000  118.2000   26.6000    3.2575
  116.3000   26.3000  118.2000   26.6000    3.3201
  119.5000   25.2000  118.2000   26.6000    3.3122
  119.8000   25.5000  118.2000   26.6000    3.3073
  116.6000   24.7000  118.2000   26.6000    3.2661
  116.2000   28.2000  118.2000   26.6000    3.2737
  115.8000   27.4000  118.6000   24.9000    3.2355
  119.6000   28.0000  118.6000   24.9000    3.2882
  116.6000   24.7000  118.6000   24.9000    3.2781
  116.1000   24.3000  118.6000   24.9000    3.2550
  119.1000   27.6000  118.6000   24.9000    3.2757
  117.4000   26.0000  118.6000   24.9000    3.2450
  118.4000   24.5000  118.6000   24.9000    3.2630
  116.6000   23.7000  118.6000   24.9000    3.2887
  116.3000   26.3000  118.6000   24.9000    3.2434
  115.7000   27.9000  118.6000   24.9000    3.2493
  115.8000   25.6000  118.6000   24.9000    3.2627
  117.2000   26.9000  118.6000   24.9000    3.2934
  116.2000   28.2000  118.6000   24.9000    3.2758
  118.0000   27.7000  118.6000   24.9000    3.2878
  118.9000   27.4000  118.6000   24.9000    3.2842
  116.6000   27.5000  118.6000   24.9000    3.2657
  117.1000   25.7000  118.6000   24.9000    3.2490
  118.0000   28.4000  118.6000   24.9000    3.2772
  116.2000   23.8000  118.6000   24.9000    3.2779
  117.5000   27.3000  118.6000   24.9000    3.3023
  117.6000   24.5000  118.6000   24.9000    3.2997
  118.2000   25.3000  118.6000   24.9000    3.2296
  115.6000   25.0000  118.6000   24.9000    3.2549
  116.5000   25.0000  118.6000   24.9000    3.2769
  119.5000   27.4000  118.6000   24.9000    3.2806
  118.0000   28.4000  119.5000   27.4000    3.2492
  118.4000   24.5000  119.5000   27.4000    3.2906
  116.2000   23.8000  119.5000   27.4000    3.2653
  117.4000   26.0000  119.5000   27.4000    3.2525
  116.3000   26.3000  119.5000   27.4000    3.2760
  116.1000   24.3000  119.5000   27.4000    3.2526
  118.0000   27.7000  119.5000   27.4000    3.2919
  117.2000   26.9000  119.5000   27.4000    3.3334
  119.6000   28.0000  119.5000   27.4000    3.2770
  118.1000   26.0000  119.5000   27.4000    3.2642
  116.6000   24.7000  119.5000   27.4000    3.2554
  117.1000   25.7000  119.5000   27.4000    3.2485
  116.6000   23.7000  119.5000   27.4000    3.2843
  115.6000   25.0000  119.5000   27.4000    3.2395
  115.8000   25.6000  119.5000   27.4000    3.2544
  118.4000   24.5000  116.3000   26.3000    3.2875
  115.6000   25.0000  116.3000   26.3000    3.2187
  119.1000   27.6000  116.3000   26.3000    3.2595
  118.0000   28.4000  116.3000   26.3000    3.2632
  119.6000   28.0000  116.3000   26.3000    3.2508
  115.8000   25.6000  117.5000   27.3000    3.2728
  118.2000   25.3000  117.5000   27.3000    3.3013
  118.1000   26.0000  117.5000   27.3000    3.3120
  116.3000   26.3000  117.5000   27.3000    3.2697
  119.6000   28.0000  117.5000   27.3000    3.2663
  116.2000   28.2000  117.5000   27.3000    3.2473
  117.1000   25.7000  117.5000   27.3000    3.3291
  115.7000   27.9000  117.5000   27.3000    3.2071
  117.6000   24.5000  117.5000   27.3000    3.2371
  116.6000   24.7000  117.5000   27.3000    3.2310
  116.1000   24.3000  117.5000   27.3000    3.2271
  119.1000   27.6000  117.5000   27.3000    3.2998
  117.4000   26.0000  117.5000   27.3000    3.2931
  118.4000   24.5000  117.5000   27.3000    3.2935
  115.6000   25.0000  117.5000   27.3000    3.2677
  116.6000   23.7000  117.5000   27.3000    3.2429
  116.6000   27.5000  117.5000   27.3000    3.2170
  116.2000   23.8000  117.5000   27.3000    3.2415
  119.5000   27.4000  116.4000   25.8000    3.2453
  117.2000   26.9000  116.4000   25.8000    3.2729
  118.7000   26.4000  116.4000   25.8000    3.2670
  118.0000   27.7000  116.4000   25.8000    3.2866
  115.7000   27.9000  116.4000   25.8000    3.2421
  115.8000   27.4000  116.4000   25.8000    3.2441
  118.4000   24.5000  116.4000   25.8000    3.2773
  117.4000   23.7000  116.4000   25.8000    3.2340
  117.5000   27.3000  116.4000   25.8000    3.2862
  118.2000   26.6000  116.4000   25.8000    3.2378
  120.3000   27.1000  116.4000   25.8000    3.2763
  116.2000   23.8000  116.4000   25.8000    3.2523
  116.6000   27.5000  116.4000   25.8000    3.2364
  119.0000   25.4000  116.4000   25.8000    3.2357
  118.0000   28.4000  116.4000   25.8000    3.2690
  119.1000   27.6000  116.4000   25.8000    3.2376
  116.1000   24.3000  116.4000   25.8000    3.2699
  118.6000   24.9000  116.4000   25.8000    3.2365
  116.6000   24.7000  116.4000   25.8000    3.2991
  116.5000   25.0000  116.4000   25.8000    3.3322
  116.3000   26.3000  116.4000   25.8000    3.3128
  115.8000   25.6000  116.4000   25.8000    3.2268
  116.2000   28.2000  116.4000   25.8000    3.2984
  117.3000   24.4000  116.4000   25.8000    3.2043
  117.1000   25.7000  116.4000   25.8000    3.2556
  117.5000   25.0000  116.4000   25.8000    3.2724
  115.6000   25.0000  116.4000   25.8000    3.2494
  118.1000   26.0000  116.4000   25.8000    3.2503
  119.6000   26.7000  116.4000   25.8000    3.2648
  118.9000   27.4000  116.4000   25.8000    3.2398
  119.4000   26.0000  116.4000   25.8000    3.2412
  118.2000   25.3000  116.4000   25.8000    3.2236
  117.6000   24.5000  116.4000   25.8000    3.2344
  116.6000   23.7000  116.4000   25.8000    3.2349
  117.4000   26.0000  116.4000   25.8000    3.2693
  119.3000   25.7000  116.4000   25.8000    3.2498
  119.6000   28.0000  116.4000   25.8000    3.2429
  119.5000   25.2000  116.4000   25.8000    3.2617
  118.5000   27.9000  116.4000   25.8000    3.2742
  117.2000   26.4000  116.4000   25.8000    3.2332
  119.8000   25.5000  116.4000   25.8000    3.2583
  115.8000   25.6000  115.7000   27.9000    3.2246
  118.0000   28.4000  115.7000   27.9000    3.2801
  115.6000   25.0000  115.7000   27.9000    3.2588
  119.6000   28.0000  115.7000   27.9000    3.2649
  116.6000   27.5000  115.7000   27.9000    3.2370
  115.8000   27.4000  115.7000   27.9000    3.2967
  118.4000   24.5000  115.7000   27.9000    3.2541
  116.3000   26.3000  115.7000   27.9000    3.2308
  115.7000   27.9000  116.6000   23.7000    3.2467
  118.0000   28.4000  116.6000   23.7000    3.2438
  116.2000   28.2000  116.6000   23.7000    3.2247
  115.6000   25.0000  116.6000   23.7000    3.2621
  115.8000   25.6000  116.6000   23.7000    3.2505
  119.6000   28.0000  116.6000   23.7000    3.2515
  116.3000   26.3000  116.6000   23.7000    3.2429
  119.1000   27.6000  116.6000   23.7000    3.2519
  116.2000   23.8000  116.6000   23.7000    3.1893
  118.4000   24.5000  116.6000   23.7000    3.3362
  116.1000   24.3000  116.6000   23.7000    3.3180
  116.1000   24.3000  117.2000   26.9000    3.2430
  115.7000   27.9000  117.2000   26.9000    3.2548
  118.0000   28.4000  117.2000   26.9000    3.2127
  116.6000   27.5000  117.2000   26.9000    3.2857
  116.3000   26.3000  117.2000   26.9000    3.2416
  118.9000   27.4000  117.2000   26.9000    3.2974
  117.1000   25.7000  117.2000   26.9000    3.2776
  116.6000   23.7000  117.2000   26.9000    3.2368
  116.2000   28.2000  117.2000   26.9000    3.2595
  118.0000   27.7000  117.2000   26.9000    3.3050
  118.2000   25.3000  117.2000   26.9000    3.2885
  118.1000   26.0000  117.2000   26.9000    3.2033
  119.1000   27.6000  117.2000   26.9000    3.2666
  115.8000   25.6000  117.2000   26.9000    3.2508
  116.6000   24.7000  117.2000   26.9000    3.2042
  115.8000   27.4000  117.2000   26.9000    3.2690
  116.2000   23.8000  117.2000   26.9000    3.2348
  119.6000   28.0000  117.2000   26.9000    3.2464
  115.6000   25.0000  117.2000   26.9000    3.2787
  118.4000   24.5000  117.2000   26.9000    3.2726
  118.7000   26.4000  117.4000   23.7000    3.2906
  117.2000   26.9000  117.4000   23.7000    3.2377
  116.6000   27.5000  117.4000   23.7000    3.2319
  116.2000   23.8000  117.4000   23.7000    3.3165
  116.2000   28.2000  117.4000   23.7000    3.2336
  118.1000   26.0000  117.4000   23.7000    3.2868
  119.3000   25.7000  117.4000   23.7000    3.3009
  117.5000   27.3000  117.4000   23.7000    3.2509
  119.4000   26.0000  117.4000   23.7000    3.3063
  120.3000   27.1000  117.4000   23.7000    3.2968
  117.2000   26.4000  117.4000   23.7000    3.2431
  117.5000   25.0000  117.4000   23.7000    3.2917
  116.3000   26.3000  117.4000   23.7000    3.2292
  116.1000   24.3000  117.4000   23.7000    3.2770
  116.6000   23.7000  117.4000   23.7000    3.2529
  117.4000   26.0000  117.4000   23.7000    3.2491
  118.6000   24.9000  117.4000   23.7000    3.3137
  116.6000   24.7000  117.4000   23.7000    3.2499
  119.0000   25.0000  117.4000   23.7000    3.2918
  115.8000   27.4000  117.4000   23.7000    3.2361
  115.7000   27.9000  117.4000   23.7000    3.2334
  117.6000   24.5000  117.4000   23.7000    3.3070
  119.5000   25.2000  117.4000   23.7000    3.2897
  119.6000   28.0000  117.4000   23.7000    3.2939
  118.4000   24.5000  117.4000   23.7000    3.2521
  118.9000   27.4000  117.4000   23.7000    3.3005
  118.2000   26.6000  117.4000   23.7000    3.2902
  119.0000   25.4000  117.4000   23.7000    3.2896
  119.6000   26.7000  117.4000   23.7000    3.3061
  115.8000   25.6000  117.4000   23.7000    3.2447
  118.5000   27.9000  117.4000   23.7000    3.2769
  119.9000   26.4000  117.4000   23.7000    3.3049
  119.1000   27.6000  117.4000   23.7000    3.2854
  117.3000   24.4000  117.4000   23.7000    3.2932
  119.8000   25.5000  117.4000   23.7000    3.3003
  118.0000   27.7000  117.4000   23.7000    3.2834
  117.1000   25.7000  117.4000   23.7000    3.2362
  116.5000   25.0000  117.4000   23.7000    3.2533
  115.6000   25.0000  117.4000   23.7000    3.2510
  118.2000   25.3000  117.4000   23.7000    3.3123
  119.5000   27.4000  117.4000   23.7000    3.2885
  118.9000   26.4000  117.4000   23.7000    3.3082
  116.6000   27.5000  115.8000   27.4000    3.3286
  119.1000   27.6000  115.8000   27.4000    3.2089
  119.6000   28.0000  115.8000   27.4000    3.2430
  115.6000   25.0000  115.8000   27.4000    3.2797
  118.0000   28.4000  115.8000   27.4000    3.2291
  116.3000   26.3000  115.8000   27.4000    3.2096
  118.4000   24.5000  115.8000   27.4000    3.2632
  119.0000   25.4000  118.5000   27.9000    3.3014
  115.8000   27.4000  118.5000   27.9000    3.2818
  117.1000   25.7000  118.5000   27.9000    3.2313
  115.8000   25.6000  118.5000   27.9000    3.2525
  116.6000   24.7000  118.5000   27.9000    3.2599
  116.2000   23.8000  118.5000   27.9000    3.2582
  116.5000   25.0000  118.5000   27.9000    3.2277
  116.3000   26.3000  118.5000   27.9000    3.2528
  116.1000   24.3000  118.5000   27.9000    3.2454
  116.6000   27.5000  118.5000   27.9000    3.2735
  115.7000   27.9000  118.5000   27.9000    3.2023
  119.5000   25.2000  118.5000   27.9000    3.2948
  118.4000   24.5000  118.5000   27.9000    3.2937
  119.5000   27.4000  118.5000   27.9000    3.2996
  118.1000   26.0000  118.5000   27.9000    3.2735
  118.6000   24.9000  118.5000   27.9000    3.2957
  116.6000   23.7000  118.5000   27.9000    3.2549
  117.5000   27.3000  118.5000   27.9000    3.2150
  117.2000   26.9000  118.5000   27.9000    3.2542
  119.6000   28.0000  118.5000   27.9000    3.3283
  115.6000   25.0000  118.5000   27.9000    3.2780
  117.6000   24.5000  118.5000   27.9000    3.2948
  119.8000   25.5000  118.5000   27.9000    3.3252
  116.2000   28.2000  118.5000   27.9000    3.2654
  118.2000   25.3000  118.5000   27.9000    3.2617
  118.0000   27.7000  118.5000   27.9000    3.2494
  115.8000   27.4000  119.9000   26.4000    3.2775
  119.0000   25.4000  119.9000   26.4000    3.3228
  116.5000   25.0000  119.9000   26.4000    3.2645
  117.2000   26.4000  119.9000   26.4000    3.2923
  118.0000   28.4000  119.9000   26.4000    3.2651
  116.6000   24.7000  119.9000   26.4000    3.2836
  119.1000   27.6000  119.9000   26.4000    3.3128
  118.9000   26.4000  119.9000   26.4000    3.3352
  115.8000   25.6000  119.9000   26.4000    3.2713
  116.6000   27.5000  119.9000   26.4000    3.2857
  116.1000   24.3000  119.9000   26.4000    3.2716
  115.6000   25.0000  119.9000   26.4000    3.2678
  119.6000   26.7000  119.9000   26.4000    3.2652
  116.2000   28.2000  119.9000   26.4000    3.2740
  116.6000   23.7000  119.9000   26.4000    3.2999
  117.6000   24.5000  119.9000   26.4000    3.3008
  119.5000   25.2000  119.9000   26.4000    3.3384
  118.0000   27.7000  119.9000   26.4000    3.2878
  118.2000   25.3000  119.9000   26.4000    3.3122
  117.5000   27.3000  119.9000   26.4000    3.2850
  117.2000   26.9000  119.9000   26.4000    3.2911
  116.2000   23.8000  119.9000   26.4000    3.2843
  116.3000   26.3000  119.9000   26.4000    3.2865
  117.3000   24.4000  119.9000   26.4000    3.3044
  118.5000   27.9000  119.9000   26.4000    3.2654
  118.6000   24.9000  119.9000   26.4000    3.3365
  118.4000   24.5000  119.9000   26.4000    3.3207
  117.1000   25.7000  119.9000   26.4000    3.3002
  117.4000   26.0000  119.9000   26.4000    3.3317
  118.2000   26.6000  119.9000   26.4000    3.2877
  118.9000   27.4000  119.9000   26.4000    3.2729
  119.6000   28.0000  119.9000   26.4000    3.3113
  118.1000   26.0000  119.9000   26.4000    3.3525
  115.7000   27.9000  119.9000   26.4000    3.2754
