  97.0   27.0   45   2.4931 
  97.2   27.0   45   3.1249 
  97.5   27.0   45   3.4393 
  97.8   27.0   45   3.7297 
  98.0   27.0   45   3.4567 
  98.2   27.0   45   3.0792 
  98.5   27.0   45   3.3372 
  98.8   27.0   45   3.7197 
  99.0   27.0   45   3.4630 
  99.2   27.0   45   3.0804 
  99.5   27.0   45   3.3370 
  99.8   27.0   45   3.7196 
 100.0   27.0   45   3.4630 
 100.2   27.0   45   3.0804 
 100.5   27.0   45   3.3369 
 100.8   27.0   45   3.7191 
 101.0   27.0   45   3.4620 
 101.2   27.0   45   3.0793 
 101.5   27.0   45   3.3484 
 101.8   27.0   45   3.8330 
 102.0   27.0   45   3.9098 
  97.0   26.8   45   2.7469 
  97.2   26.8   45   3.0000 
  97.5   26.8   45   3.4145 
  97.8   26.8   45   3.8000 
  98.0   26.8   45   3.4436 
  98.2   26.8   45   3.0000 
  98.5   26.8   45   3.3511 
  98.8   26.8   45   3.8000 
  99.0   26.8   45   3.4493 
  99.2   26.8   45   3.0000 
  99.5   26.8   45   3.3507 
  99.8   26.8   45   3.8000 
 100.0   26.8   45   3.4494 
 100.2   26.8   45   3.0000 
 100.5   26.8   45   3.3506 
 100.8   26.8   45   3.8000 
 101.0   26.8   45   3.4507 
 101.2   26.8   45   3.0000 
 101.5   26.8   45   3.3222 
 101.8   26.8   45   3.8000 
 102.0   26.8   45   3.8330 
  97.0   26.5   45   3.3180 
  97.2   26.5   45   3.4468 
  97.5   26.5   45   3.4576 
  97.8   26.5   45   3.3554 
  98.0   26.5   45   3.3587 
  98.2   26.5   45   3.4452 
  98.5   26.5   45   3.4390 
  98.8   26.5   45   3.3547 
  99.0   26.5   45   3.3613 
  99.2   26.5   45   3.4453 
  99.5   26.5   45   3.4387 
  99.8   26.5   45   3.3547 
 100.0   26.5   45   3.3613 
 100.2   26.5   45   3.4453 
 100.5   26.5   45   3.4387 
 100.8   26.5   45   3.3548 
 101.0   26.5   45   3.3612 
 101.2   26.5   45   3.4410 
 101.5   26.5   45   3.4174 
 101.8   26.5   45   3.3222 
 102.0   26.5   45   3.3484 
  97.0   26.2   45   3.6923 
  97.2   26.2   45   3.8000 
  97.5   26.2   45   3.4178 
  97.8   26.2   45   3.0000 
  98.0   26.2   45   3.3701 
  98.2   26.2   45   3.8000 
  98.5   26.2   45   3.4299 
  98.8   26.2   45   3.0000 
  99.0   26.2   45   3.3702 
  99.2   26.2   45   3.8000 
  99.5   26.2   45   3.4298 
  99.8   26.2   45   3.0000 
 100.0   26.2   45   3.3702 
 100.2   26.2   45   3.8000 
 100.5   26.2   45   3.4298 
 100.8   26.2   45   3.0000 
 101.0   26.2   45   3.3699 
 101.2   26.2   45   3.8000 
 101.5   26.2   45   3.4410 
 101.8   26.2   45   3.0000 
 102.0   26.2   45   3.0793 
  97.0   26.0   45   3.3851 
  97.2   26.0   45   3.3762 
  97.5   26.0   45   3.3539 
  97.8   26.0   45   3.4313 
  98.0   26.0   45   3.4479 
  98.2   26.0   45   3.3675 
  98.5   26.0   45   3.3518 
  98.8   26.0   45   3.4326 
  99.0   26.0   45   3.4483 
  99.2   26.0   45   3.3674 
  99.5   26.0   45   3.3517 
  99.8   26.0   45   3.4326 
 100.0   26.0   45   3.4483 
 100.2   26.0   45   3.3674 
 100.5   26.0   45   3.3517 
 100.8   26.0   45   3.4327 
 101.0   26.0   45   3.4489 
 101.2   26.0   45   3.3699 
 101.5   26.0   45   3.3612 
 101.8   26.0   45   3.4507 
 102.0   26.0   45   3.4620 
  97.0   25.8   45   3.0822 
  97.2   25.8   45   3.0000 
  97.5   25.8   45   3.3864 
  97.8   25.8   45   3.8000 
  98.0   25.8   45   3.4310 
  98.2   25.8   45   3.0000 
  98.5   25.8   45   3.3680 
  98.8   25.8   45   3.8000 
  99.0   25.8   45   3.4320 
  99.2   25.8   45   3.0000 
  99.5   25.8   45   3.3680 
  99.8   25.8   45   3.8000 
 100.0   25.8   45   3.4320 
 100.2   25.8   45   3.0000 
 100.5   25.8   45   3.3679 
 100.8   25.8   45   3.8000 
 101.0   25.8   45   3.4327 
 101.2   25.8   45   3.0000 
 101.5   25.8   45   3.3548 
 101.8   25.8   45   3.8000 
 102.0   25.8   45   3.7191 
  97.0   25.5   45   3.4096 
  97.2   25.5   45   3.4235 
  97.5   25.5   45   3.4476 
  97.8   25.5   45   3.3693 
  98.0   25.5   45   3.3520 
  98.2   25.5   45   3.4319 
  98.5   25.5   45   3.4480 
  98.8   25.5   45   3.3680 
  99.0   25.5   45   3.3520 
  99.2   25.5   45   3.4320 
  99.5   25.5   45   3.4480 
  99.8   25.5   45   3.3680 
 100.0   25.5   45   3.3520 
 100.2   25.5   45   3.4320 
 100.5   25.5   45   3.4480 
 100.8   25.5   45   3.3679 
 101.0   25.5   45   3.3517 
 101.2   25.5   45   3.4298 
 101.5   25.5   45   3.4387 
 101.8   25.5   45   3.3506 
 102.0   25.5   45   3.3369 
  97.0   25.2   45   3.7175 
  97.2   25.2   45   3.8000 
  97.5   25.2   45   3.4139 
  97.8   25.2   45   3.0000 
  98.0   25.2   45   3.3690 
  98.2   25.2   45   3.8000 
  98.5   25.2   45   3.4319 
  98.8   25.2   45   3.0000 
  99.0   25.2   45   3.3680 
  99.2   25.2   45   3.8000 
  99.5   25.2   45   3.4320 
  99.8   25.2   45   3.0000 
 100.0   25.2   45   3.3680 
 100.2   25.2   45   3.8000 
 100.5   25.2   45   3.4320 
 100.8   25.2   45   3.0000 
 101.0   25.2   45   3.3674 
 101.2   25.2   45   3.8000 
 101.5   25.2   45   3.4453 
 101.8   25.2   45   3.0000 
 102.0   25.2   45   3.0804 
  97.0   25.0   45   3.3908 
  97.2   25.0   45   3.3765 
  97.5   25.0   45   3.3524 
  97.8   25.0   45   3.4307 
  98.0   25.0   45   3.4480 
  98.2   25.0   45   3.3681 
  98.5   25.0   45   3.3520 
  98.8   25.0   45   3.4320 
  99.0   25.0   45   3.4480 
  99.2   25.0   45   3.3680 
  99.5   25.0   45   3.3520 
  99.8   25.0   45   3.4320 
 100.0   25.0   45   3.4480 
 100.2   25.0   45   3.3680 
 100.5   25.0   45   3.3520 
 100.8   25.0   45   3.4320 
 101.0   25.0   45   3.4483 
 101.2   25.0   45   3.3702 
 101.5   25.0   45   3.3613 
 101.8   25.0   45   3.4494 
 102.0   25.0   45   3.4630 
  97.0   24.8   45   3.0828 
  97.2   24.8   45   3.0000 
  97.5   24.8   45   3.3861 
  97.8   24.8   45   3.8000 
  98.0   24.8   45   3.4310 
  98.2   24.8   45   3.0000 
  98.5   24.8   45   3.3681 
  98.8   24.8   45   3.8000 
  99.0   24.8   45   3.4320 
  99.2   24.8   45   3.0000 
  99.5   24.8   45   3.3680 
  99.8   24.8   45   3.8000 
 100.0   24.8   45   3.4320 
 100.2   24.8   45   3.0000 
 100.5   24.8   45   3.3680 
 100.8   24.8   45   3.8000 
 101.0   24.8   45   3.4326 
 101.2   24.8   45   3.0000 
 101.5   24.8   45   3.3547 
 101.8   24.8   45   3.8000 
 102.0   24.8   45   3.7196 
  97.0   24.5   45   3.4093 
  97.2   24.5   45   3.4235 
  97.5   24.5   45   3.4476 
  97.8   24.5   45   3.3693 
  98.0   24.5   45   3.3520 
  98.2   24.5   45   3.4319 
  98.5   24.5   45   3.4480 
  98.8   24.5   45   3.3680 
  99.0   24.5   45   3.3520 
  99.2   24.5   45   3.4320 
  99.5   24.5   45   3.4480 
  99.8   24.5   45   3.3680 
 100.0   24.5   45   3.3520 
 100.2   24.5   45   3.4320 
 100.5   24.5   45   3.4480 
 100.8   24.5   45   3.3680 
 101.0   24.5   45   3.3517 
 101.2   24.5   45   3.4298 
 101.5   24.5   45   3.4387 
 101.8   24.5   45   3.3507 
 102.0   24.5   45   3.3370 
  97.0   24.2   45   3.7172 
  97.2   24.2   45   3.8000 
  97.5   24.2   45   3.4139 
  97.8   24.2   45   3.0000 
  98.0   24.2   45   3.3690 
  98.2   24.2   45   3.8000 
  98.5   24.2   45   3.4319 
  98.8   24.2   45   3.0000 
  99.0   24.2   45   3.3680 
  99.2   24.2   45   3.8000 
  99.5   24.2   45   3.4320 
  99.8   24.2   45   3.0000 
 100.0   24.2   45   3.3680 
 100.2   24.2   45   3.8000 
 100.5   24.2   45   3.4320 
 100.8   24.2   45   3.0000 
 101.0   24.2   45   3.3674 
 101.2   24.2   45   3.8000 
 101.5   24.2   45   3.4453 
 101.8   24.2   45   3.0000 
 102.0   24.2   45   3.0804 
  97.0   24.0   45   3.3905 
  97.2   24.0   45   3.3766 
  97.5   24.0   45   3.3524 
  97.8   24.0   45   3.4307 
  98.0   24.0   45   3.4480 
  98.2   24.0   45   3.3681 
  98.5   24.0   45   3.3520 
  98.8   24.0   45   3.4320 
  99.0   24.0   45   3.4480 
  99.2   24.0   45   3.3680 
  99.5   24.0   45   3.3520 
  99.8   24.0   45   3.4320 
 100.0   24.0   45   3.4480 
 100.2   24.0   45   3.3680 
 100.5   24.0   45   3.3520 
 100.8   24.0   45   3.4320 
 101.0   24.0   45   3.4483 
 101.2   24.0   45   3.3702 
 101.5   24.0   45   3.3613 
 101.8   24.0   45   3.4493 
 102.0   24.0   45   3.4630 
  97.0   23.8   45   3.0821 
  97.2   23.8   45   3.0000 
  97.5   23.8   45   3.3861 
  97.8   23.8   45   3.8000 
  98.0   23.8   45   3.4310 
  98.2   23.8   45   3.0000 
  98.5   23.8   45   3.3681 
  98.8   23.8   45   3.8000 
  99.0   23.8   45   3.4320 
  99.2   23.8   45   3.0000 
  99.5   23.8   45   3.3680 
  99.8   23.8   45   3.8000 
 100.0   23.8   45   3.4320 
 100.2   23.8   45   3.0000 
 100.5   23.8   45   3.3680 
 100.8   23.8   45   3.8000 
 101.0   23.8   45   3.4326 
 101.2   23.8   45   3.0000 
 101.5   23.8   45   3.3547 
 101.8   23.8   45   3.8000 
 102.0   23.8   45   3.7197 
  97.0   23.5   45   3.4075 
  97.2   23.5   45   3.4235 
  97.5   23.5   45   3.4476 
  97.8   23.5   45   3.3694 
  98.0   23.5   45   3.3521 
  98.2   23.5   45   3.4318 
  98.5   23.5   45   3.4480 
  98.8   23.5   45   3.3681 
  99.0   23.5   45   3.3520 
  99.2   23.5   45   3.4319 
  99.5   23.5   45   3.4480 
  99.8   23.5   45   3.3681 
 100.0   23.5   45   3.3520 
 100.2   23.5   45   3.4319 
 100.5   23.5   45   3.4480 
 100.8   23.5   45   3.3680 
 101.0   23.5   45   3.3518 
 101.2   23.5   45   3.4299 
 101.5   23.5   45   3.4390 
 101.8   23.5   45   3.3511 
 102.0   23.5   45   3.3372 
  97.0   23.2   45   3.7137 
  97.2   23.2   45   3.8000 
  97.5   23.2   45   3.4139 
  97.8   23.2   45   3.0000 
  98.0   23.2   45   3.3691 
  98.2   23.2   45   3.8000 
  98.5   23.2   45   3.4318 
  98.8   23.2   45   3.0000 
  99.0   23.2   45   3.3681 
  99.2   23.2   45   3.8000 
  99.5   23.2   45   3.4319 
  99.8   23.2   45   3.0000 
 100.0   23.2   45   3.3681 
 100.2   23.2   45   3.8000 
 100.5   23.2   45   3.4319 
 100.8   23.2   45   3.0000 
 101.0   23.2   45   3.3675 
 101.2   23.2   45   3.8000 
 101.5   23.2   45   3.4452 
 101.8   23.2   45   3.0000 
 102.0   23.2   45   3.0792 
  97.0   23.0   45   3.3866 
  97.2   23.0   45   3.3814 
  97.5   23.0   45   3.3553 
  97.8   23.0   45   3.4292 
  98.0   23.0   45   3.4475 
  98.2   23.0   45   3.3691 
  98.5   23.0   45   3.3521 
  98.8   23.0   45   3.4310 
  99.0   23.0   45   3.4480 
  99.2   23.0   45   3.3690 
  99.5   23.0   45   3.3520 
  99.8   23.0   45   3.4310 
 100.0   23.0   45   3.4480 
 100.2   23.0   45   3.3690 
 100.5   23.0   45   3.3520 
 100.8   23.0   45   3.4310 
 101.0   23.0   45   3.4479 
 101.2   23.0   45   3.3701 
 101.5   23.0   45   3.3587 
 101.8   23.0   45   3.4436 
 102.0   23.0   45   3.4567 
  97.0   22.8   45   3.0809 
  97.2   22.8   45   3.0000 
  97.5   22.8   45   3.3926 
  97.8   22.8   45   3.8000 
  98.0   22.8   45   3.4292 
  98.2   22.8   45   3.0000 
  98.5   22.8   45   3.3694 
  98.8   22.8   45   3.8000 
  99.0   22.8   45   3.4307 
  99.2   22.8   45   3.0000 
  99.5   22.8   45   3.3693 
  99.8   22.8   45   3.8000 
 100.0   22.8   45   3.4307 
 100.2   22.8   45   3.0000 
 100.5   22.8   45   3.3693 
 100.8   22.8   45   3.8000 
 101.0   22.8   45   3.4313 
 101.2   22.8   45   3.0000 
 101.5   22.8   45   3.3554 
 101.8   22.8   45   3.8000 
 102.0   22.8   45   3.7297 
  97.0   22.5   45   3.4610 
  97.2   22.5   45   3.3384 
  97.5   22.5   45   3.4216 
  97.8   22.5   45   3.3926 
  98.0   22.5   45   3.3553 
  98.2   22.5   45   3.4139 
  98.5   22.5   45   3.4476 
  98.8   22.5   45   3.3861 
  99.0   22.5   45   3.3524 
  99.2   22.5   45   3.4139 
  99.5   22.5   45   3.4476 
  99.8   22.5   45   3.3861 
 100.0   22.5   45   3.3524 
 100.2   22.5   45   3.4139 
 100.5   22.5   45   3.4476 
 100.8   22.5   45   3.3864 
 101.0   22.5   45   3.3539 
 101.2   22.5   45   3.4178 
 101.5   22.5   45   3.4576 
 101.8   22.5   45   3.4145 
 102.0   22.5   45   3.4393 
  97.0   22.2   45   4.1770 
  97.2   22.2   45   3.8000 
  97.5   22.2   45   3.3384 
  97.8   22.2   45   3.0000 
  98.0   22.2   45   3.3814 
  98.2   22.2   45   3.8000 
  98.5   22.2   45   3.4235 
  98.8   22.2   45   3.0000 
  99.0   22.2   45   3.3766 
  99.2   22.2   45   3.8000 
  99.5   22.2   45   3.4235 
  99.8   22.2   45   3.0000 
 100.0   22.2   45   3.3765 
 100.2   22.2   45   3.8000 
 100.5   22.2   45   3.4235 
 100.8   22.2   45   3.0000 
 101.0   22.2   45   3.3762 
 101.2   22.2   45   3.8000 
 101.5   22.2   45   3.4468 
 101.8   22.2   45   3.0000 
 102.0   22.2   45   3.1249 
  97.0   22.0   45   4.8920 
  97.2   22.0   45   4.1770 
  97.5   22.0   45   3.4610 
  97.8   22.0   45   3.0809 
  98.0   22.0   45   3.3866 
  98.2   22.0   45   3.7137 
  98.5   22.0   45   3.4075 
  98.8   22.0   45   3.0821 
  99.0   22.0   45   3.3905 
  99.2   22.0   45   3.7172 
  99.5   22.0   45   3.4093 
  99.8   22.0   45   3.0828 
 100.0   22.0   45   3.3908 
 100.2   22.0   45   3.7175 
 100.5   22.0   45   3.4096 
 100.8   22.0   45   3.0822 
 101.0   22.0   45   3.3851 
 101.2   22.0   45   3.6923 
 101.5   22.0   45   3.3180 
 101.8   22.0   45   2.7469 
 102.0   22.0   45   2.4931 
